2	1	.	63
2	2	.	65
2	3	.	62
2	4	.	84
2	5	.	73
2	6	.	25
2	7	.	46
2	8	.	65
2	9	.	57
2	10	.	36
2	11	.	64
2	12	.	.
2	13	.	64
2	14	.	68
2	15	.	60
2	16	.	65
2	17	.	80
2	18	.	73
2	19	.	36
2	20	.	67
2	21	.	68
2	22	.	63
2	23	.	54
2	24	.	.
2	25	.	58
2	26	.	65
2	27	.	60
2	28	.	.
2	29	.	58
2	30	.	58
2	31	.	56
2	32	.	59
2	33	.	72
2	34	.	61
2	35	.	61
2	36	.	71
2	37	.	68
2	38	.	60
2	39	.	40
2	40	.	74
2	41	.	35
2	42	.	61
2	43	.	58
2	44	.	32
2	45	.	70
2	46	.	56
2	47	.	63
2	48	.	.
2	49	.	61
2	50	.	24
2	51	.	70
2	52	.	.
2	53	.	57
2	54	.	73
2	55	.	67
2	56	.	62
2	57	.	68
2	58	.	70
2	59	.	62
2	60	.	31
2	61	.	29
2	62	.	57
2	63	.	53
2	64	.	43
2	65	.	64
2	66	.	41
2	67	.	70
2	68	.	54
2	69	.	57
2	70	.	45
2	71	.	64
2	72	.	79
2	73	.	61
2	74	.	62
2	75	.	74
2	76	.	40
2	77	.	57
2	78	.	69
2	79	.	62
2	80	.	35
2	81	.	61
2	82	.	69
2	83	.	67
2	84	.	59
2	85	.	54
2	86	.	70
2	87	.	42
2	88	.	64
2	89	.	59
2	90	.	71
2	91	.	41
2	92	.	61
2	93	.	72
2	94	.	60
2	95	.	29
2	96	.	57
2	97	.	53
2	98	.	37
2	99	.	65
2	100	.	40
2	101	.	61
2	102	.	.
2	103	.	55
2	104	.	87
2	105	.	59
2	106	.	59
2	107	.	63
2	108	.	56
2	109	.	69
2	110	.	59
2	111	.	.
2	112	.	72
2	113	.	62
2	114	.	60
2	115	.	43
2	116	.	59
2	117	.	58
2	118	.	41
2	119	.	.
2	120	.	83
2	121	.	77
2	122	.	65
2	123	.	.
2	124	.	.
3	1	22	73
3	2	0	70
3	3	24	76
3	4	0	72
3	5	0	80
3	6	0	60
3	7	66	92
3	8	.	.
3	9	68	100
3	10	17	17
3	11	0	74
3	12	0	100
3	13	95	100
3	14	17	27
3	15	0	25
3	16	0	79
3	17	0	17
3	18	15	72
3	19	16	83
3	20	0	100
3	21	0	4
3	22	0	13
3	23	0	64
3	24	0	69
3	25	.	.
3	26	.	.
3	27	0	30
3	28	0	74
3	29	.	.
3	30	.	.
3	31	0	20
3	32	0	9
3	33	3	71
3	34	0	98
3	35	11	26
3	36	0	24
3	37	0	12
3	38	8	34
3	39	8	66
3	40	0	77
3	41	0	67
3	42	13	36
3	43	46	35
3	44	0	62
3	45	0	76
3	46	0	73
3	47	.	.
3	48	0	40
3	49	10	71
3	50	70	20
3	51	.	.
3	52	.	.
3	53	0	80
3	54	7	68
3	55	10	90
3	56	11	94
3	57	0	64
3	58	10	82
3	59	10	61
3	60	8	100
3	61	4	96
3	62	9	84
3	63	13	7
3	64	23	74
3	65	9	23
3	66	12	19
3	67	.	.
3	68	0	15
3	69	.	.
3	70	15	3
3	71	.	.
3	72	6	14
3	73	69	8
3	74	33	23
3	75	17	65
3	76	10	37
3	77	.	.
3	78	15	81
3	79	.	.
3	80	19	26
3	81	12	16
3	82	2	77
3	83	13	91
3	84	0	72
3	85	97	98
3	86	94	94
3	87	.	.
3	88	12	23
3	89	11	76
3	90	0	67
3	91	10	66
3	92	6	72
3	93	91	76
3	94	7	24
3	95	2	81
3	96	7	87
3	97	9	24
3	98	13	22
3	99	.	.
3	100	4	65
3	101	19	62
3	102	.	.
3	103	95	89
3	104	0	61
3	105	0	33
3	106	.	.
3	107	.	.
3	108	0	73
3	109	0	79
3	110	0	1
3	111	8	13
3	112	.	.
3	113	0	7
3	114	7	22
3	115	10	11
3	116	10	13
3	117	9	74
3	118	.	.
3	119	0	9
3	120	5	21
3	121	7	22
3	122	10	16
3	123	.	.
3	124	.	.
4	1	2	65
4	2	15	72
4	3	.	.
4	4	81	88
4	5	61	69
4	6	56	84
4	7	72	100
4	8	50	91
4	9	72	50
4	10	64	90
4	11	76	75
4	12	62	70
4	13	68	70
4	14	64	88
4	15	50	50
4	16	.	.
4	17	73	100
4	18	84	68
4	19	60	66
4	20	35	34
4	21	.	.
4	22	19	58
4	23	70	26
4	24	32	82
4	25	28	71
4	26	70	78
4	27	63	67
4	28	50	64
4	29	63	77
4	30	24	78
4	31	70	96
4	32	65	76
4	33	60	74
4	34	73	80
4	35	76	69
4	36	64	45
4	37	60	65
4	38	75	75
4	39	.	.
4	40	33	32
4	41	35	28
4	42	33	64
4	43	81	100
4	44	9	60
4	45	.	.
4	46	65	71
4	47	73	75
4	48	77	29
4	49	27	90
4	50	.	.
4	51	71	67
4	52	.	.
4	53	.	.
4	54	.	.
4	55	49	70
4	56	74	70
4	57	31	82
4	58	73	82
4	59	70	80
4	60	32	41
4	61	22	25
4	62	30	96
4	63	25	85
4	64	21	67
4	65	.	.
4	66	27	61
4	67	27	71
4	68	.	.
4	69	.	.
4	70	27	66
4	71	.	.
4	72	33	71
4	73	68	73
4	74	20	81
4	75	.	.
4	76	28	70
4	77	.	.
4	78	63	64
4	79	50	45
4	80	.	.
4	81	.	.
4	82	80	85
4	83	76	90
4	84	15	81
4	85	.	.
4	86	74	89
4	87	56	80
4	88	71	89
4	89	.	.
4	90	69	83
4	91	.	.
4	92	89	83
4	93	.	.
4	94	79	50
4	95	.	.
4	96	.	.
4	97	74	73
4	98	.	.
4	99	83	81
4	100	36	65
4	101	26	84
4	102	33	77
4	103	57	77
4	104	.	.
4	105	41	28
4	106	28	23
4	107	58	73
4	108	40	78
4	109	50	86
4	110	71	80
4	111	74	84
4	112	72	91
4	113	29	79
4	114	24	90
4	115	33	71
4	116	29	29
4	117	75	80
4	118	69	77
4	119	71	86
4	120	32	66
4	121	74	84
4	122	73	83
4	123	21	77
4	124	.	.
7	1	0	65
7	2	55	52
7	3	31	56
7	4	69	100
7	5	12	64
7	6	56	62
7	7	70	60
7	8	71	71
7	9	74	54
7	10	74	73
7	11	56	64
7	12	62	69
7	13	68	35
7	14	62	57
7	15	60	36
7	16	60	83
7	17	38	61
7	18	64	89
7	19	77	89
7	20	23	81
7	21	71	98
7	22	72	70
7	23	77	83
7	24	66	77
7	25	85	50
7	26	37	86
7	27	71	84
7	28	78	67
7	29	74	87
7	30	67	87
7	31	59	66
7	32	75	88
7	33	63	68
7	34	64	42
7	35	74	55
7	36	88	75
7	37	57	75
7	38	58	82
7	39	58	58
7	40	66	60
7	41	80	69
7	42	25	56
7	43	57	62
7	44	63	65
7	45	74	68
7	46	18	68
7	47	60	58
7	48	73	74
7	49	75	77
7	50	9	73
7	51	59	56
7	52	64	65
7	53	15	75
7	54	36	62
7	55	69	71
7	56	33	60
7	57	41	60
7	58	60	66
7	59	66	60
7	60	58	68
7	61	79	63
7	62	64	50
7	63	34	69
7	64	78	69
7	65	70	56
7	66	85	69
7	67	18	65
7	68	36	66
7	69	62	59
7	70	76	59
7	71	11	69
7	72	59	74
7	73	61	76
7	74	63	39
7	75	27	56
7	76	60	74
7	77	59	59
7	78	72	62
7	79	30	80
7	80	59	58
7	81	39	76
7	82	60	57
7	83	23	66
7	84	67	86
7	85	63	81
7	86	74	73
7	87	30	57
7	88	82	56
7	89	77	63
7	90	61	55
7	91	62	55
7	92	79	76
7	93	39	75
7	94	24	94
7	95	69	84
7	96	82	91
7	97	25	62
7	98	43	84
7	99	65	75
7	100	25	76
7	101	28	59
7	102	83	58
7	103	94	66
7	104	28	59
7	105	34	57
7	106	56	69
7	107	.	.
7	108	.	.
7	109	.	.
7	110	.	.
7	111	.	.
7	112	.	.
8	1	23	55
8	2	9	21
8	3	13	60
8	4	85	30
8	5	15	21
8	6	6	21
8	7	1	7
8	8	25	70
8	9	30	3
8	10	80	11
8	11	0	0
8	12	5	5
8	13	0	10
8	14	0	59
8	15	0	36
8	16	18	9
8	17	63	5
8	18	9	7
8	19	33	74
8	20	29	63
8	21	30	61
8	22	9	24
8	23	59	63
8	24	95	42
8	25	75	59
8	26	12	13
8	27	72	48
8	28	13	60
8	29	50	34
8	30	15	22
8	31	11	65
8	32	12	26
8	33	76	34
8	34	31	59
8	35	78	20
8	36	83	10
8	37	70	35
8	38	71	63
8	39	.	.
8	40	.	.
8	41	.	.
8	42	.	.
8	43	.	.
8	44	29	29
8	45	19	46
8	46	8	56
8	47	16	76
8	48	33	75
8	49	19	66
8	50	13	72
8	51	57	75
8	52	89	84
8	53	20	62
8	54	10	60
8	55	.	.
8	56	84	62
8	57	62	75
8	58	64	36
8	59	8	57
8	60	0	58
8	61	2	61
8	62	2	72
8	63	85	74
8	64	77	64
8	65	62	63
8	66	90	65
8	67	4	15
8	68	87	69
8	69	10	65
8	70	21	12
8	71	20	63
8	72	82	70
8	73	87	15
8	74	0	23
8	75	.	.
8	76	64	84
8	77	16	17
8	78	10	41
8	79	30	32
8	80	90	71
8	81	23	76
8	82	20	19
8	83	69	76
8	84	20	68
8	85	81	29
8	86	16	68
8	87	71	79
8	88	75	79
8	89	30	28
8	90	70	72
8	91	24	74
8	92	91	67
8	93	77	64
8	94	70	9
8	95	1	67
8	96	0	64
8	97	20	67
8	98	10	68
8	99	13	24
8	100	42	28
8	101	30	67
8	102	13	29
8	103	20	69
8	104	83	71
8	105	71	61
8	106	68	75
8	107	62	72
8	108	22	73
8	109	82	72
8	110	19	70
8	111	63	67
8	112	22	35
8	113	16	24
8	114	15	33
8	115	21	25
8	116	16	39
8	117	14	18
8	118	.	.
8	119	.	.
8	120	.	.
9	1	30	60
9	2	30	40
9	3	50	50
9	4	65	65
9	5	66	69
9	6	38	38
9	7	.	.
9	8	67	58
9	9	59	57
9	10	37	66
9	11	30	63
9	12	.	.
9	13	43	60
9	14	59	48
9	15	27	73
9	16	.	.
9	17	34	62
9	18	37	63
9	19	69	71
9	20	62	69
9	21	64	66
9	22	.	.
9	23	59	60
9	24	42	59
9	25	64	67
9	26	65	60
9	27	60	72
9	28	40	67
9	29	38	69
9	30	41	62
9	31	39	66
9	32	37	69
9	33	64	64
9	34	62	68
9	35	.	.
9	36	37	66
9	37	65	69
9	38	63	42
9	39	.	.
9	40	17	45
9	41	42	61
9	42	39	60
9	43	.	.
9	44	22	64
9	45	46	69
9	46	.	.
9	47	66	63
9	48	40	66
9	49	43	73
9	50	64	69
9	51	67	71
9	52	41	71
9	53	35	66
9	54	.	.
9	55	59	69
9	56	60	57
9	57	40	59
9	58	38	58
9	59	37	57
9	60	43	57
9	61	63	63
9	62	36	60
9	63	63	66
9	64	40	56
9	65	64	61
9	66	69	37
9	67	.	.
9	68	45	65
9	69	60	60
9	70	63	42
9	71	34	70
9	72	35	66
9	73	63	64
9	74	40	66
9	75	.	.
9	76	43	60
9	77	40	66
9	78	38	61
9	79	61	62
9	80	63	69
9	81	64	69
9	82	41	67
9	83	62	66
9	84	39	67
9	85	69	73
9	86	64	57
9	87	64	62
9	88	69	66
9	89	40	62
9	90	64	66
9	91	38	61
9	92	62	65
9	93	69	63
9	94	.	.
9	95	28	67
9	96	20	66
9	97	46	69
9	98	42	68
9	99	62	67
9	100	64	69
9	101	57	39
9	102	39	69
9	103	.	.
9	104	64	71
9	105	36	69
9	106	.	.
9	107	66	70
9	108	42	74
9	109	61	76
9	110	42	77
9	111	61	76
9	112	.	.
9	113	61	42
9	114	34	60
9	115	.	.
9	116	67	67
9	117	.	.
9	118	.	.
9	119	.	.
9	120	.	.
10	1	60	26
10	2	53	2
10	3	61	38
10	4	76	23
10	5	65	19
10	6	71	22
10	7	.	.
10	8	63	4
10	9	67	14
10	10	47	50
10	11	61	32
10	12	37	65
10	13	59	59
10	14	37	42
10	15	32	68
10	16	69	61
10	17	56	63
10	18	67	32
10	19	41	33
10	20	.	.
10	21	63	29
10	22	26	57
10	23	48	40
10	24	58	58
10	25	59	58
10	26	30	54
10	27	.	.
10	28	25	81
10	29	59	25
10	30	31	38
10	31	61	39
10	32	56	16
10	33	28	19
10	34	40	1
10	35	32	4
10	36	57	0
10	37	54	56
10	38	55	8
10	39	.	.
10	40	53	4
10	41	54	31
10	42	40	36
10	43	22	12
10	44	34	22
10	45	39	30
10	46	38	63
10	47	50	60
10	48	29	56
10	49	.	.
10	50	39	47
10	51	32	31
10	52	39	60
10	53	64	41
10	54	34	33
10	55	56	60
10	56	65	22
10	57	26	27
10	58	28	24
10	59	62	26
10	60	55	31
10	61	54	66
10	62	.	.
10	63	58	31
10	64	28	57
10	65	32	57
10	66	59	31
10	67	32	79
10	68	70	32
10	69	61	64
10	70	31	59
10	71	56	32
10	72	39	68
10	73	57	60
10	74	9	22
10	75	26	29
10	76	60	33
10	77	24	30
10	78	55	34
10	79	29	37
10	80	29	25
10	81	65	58
10	82	35	38
10	83	30	30
10	84	30	26
10	85	27	28
10	86	22	33
10	87	60	22
10	88	76	9
10	89	34	63
10	90	55	28
10	91	14	22
10	92	56	21
10	93	16	64
10	94	25	45
10	95	57	37
10	96	66	61
10	97	66	39
10	98	74	56
10	99	27	56
10	100	15	55
10	101	56	58
10	102	61	59
10	103	37	19
10	104	.	.
10	105	26	21
10	106	25	28
10	107	29	35
10	108	63	58
10	109	19	38
10	110	19	19
10	111	28	29
10	112	65	51
10	113	61	17
10	114	21	18
10	115	58	23
10	116	35	18
10	117	58	1
10	118	31	25
10	119	24	57
10	120	54	42
12	1	70	81
12	2	0	60
12	3	0	100
12	4	11	77
12	5	5	60
12	6	85	60
12	7	100	70
12	8	30	30
12	9	20	70
12	10	80	60
12	11	90	66
12	12	50	65
12	13	60	65
12	14	15	10
12	15	85	71
12	16	100	0
12	17	50	60
12	18	22	60
12	19	0	70
12	20	50	70
12	21	95	90
12	22	45	80
12	23	60	75
12	24	50	85
12	25	80	75
12	26	70	0
12	27	11	100
12	28	50	100
12	29	50	0
12	30	75	0
12	31	.	.
12	32	22	25
12	33	0	24
12	34	0	0
12	35	.	.
12	36	0	26
12	37	0	82
12	38	83	0
12	39	75	100
12	40	16	92
12	41	65	75
12	42	20	35
12	43	15	80
12	44	77	75
12	45	55	80
12	46	35	81
12	47	0	0
12	48	0	30
12	49	50	70
12	50	0	15
12	51	50	79
12	52	0	76
12	53	20	25
12	54	65	30
12	55	50	23
12	56	50	31
12	57	17	100
12	58	0	24
12	59	19	7
12	60	35	75
12	61	31	32
12	62	50	50
12	63	41	21
12	64	50	25
12	65	22	15
12	66	22	90
12	67	.	.
12	68	16	15
12	69	24	88
12	70	0	76
12	71	27	89
12	72	75	50
12	73	0	65
12	74	33	20
12	75	75	25
12	76	50	85
12	77	80	22
12	78	0	22
12	79	50	75
12	80	24	83
12	81	50	23
12	82	73	0
12	83	17	26
12	84	75	35
12	85	0	80
12	86	88	90
12	87	50	18
12	88	50	20
12	89	20	85
12	90	0	20
12	91	27	50
12	92	23	66
12	93	0	14
12	94	26	22
12	95	26	21
12	96	66	72
12	97	62	63
12	98	72	100
12	99	76	100
12	100	96	10
12	101	24	27
12	102	78	63
12	103	95	17
12	104	69	70
12	105	100	15
12	106	100	25
12	107	90	0
12	108	94	78
12	109	100	15
12	110	0	34
12	111	0	50
12	112	40	17
12	113	0	0
12	114	0	0
12	115	0	0
12	116	18	6
12	117	22	0
12	118	29	35
12	119	50	0
12	120	0	0
12	121	71	0
12	122	0	12
12	123	20	25
12	124	21	64
12	125	80	32
12	126	50	16
12	127	.	.
12	128	.	.
13	1	38	42
13	2	56	27
13	3	74	59
13	4	84	73
13	5	77	68
13	6	28	36
13	7	58	30
13	8	35	42
13	9	27	34
13	10	11	20
13	11	.	.
13	12	61	70
13	13	28	64
13	14	24	61
13	15	22	62
13	16	21	31
13	17	67	39
13	18	28	24
13	19	.	.
13	20	24	32
13	21	32	33
13	22	22	31
13	23	26	31
13	24	31	60
13	25	60	35
13	26	19	32
13	27	35	32
13	28	31	54
13	29	28	60
13	30	32	61
13	31	.	.
13	32	42	64
13	33	60	65
13	34	34	28
13	35	61	60
13	36	33	24
13	37	.	.
13	38	66	35
13	39	.	.
13	40	59	58
13	41	64	62
13	42	33	36
13	43	74	32
13	44	61	64
13	45	73	30
13	46	27	18
13	47	38	72
13	48	.	.
13	49	62	78
13	50	30	65
13	51	.	.
13	52	57	65
13	53	29	80
13	54	34	27
13	55	.	.
13	56	28	67
13	57	59	71
13	58	28	39
13	59	61	31
13	60	14	32
13	61	62	35
13	62	36	35
13	63	61	35
13	64	58	33
13	65	40	60
13	66	25	25
13	67	.	.
13	68	.	.
13	69	62	62
13	70	33	30
13	71	28	28
13	72	67	33
13	73	37	25
13	74	.	.
13	75	.	.
13	76	.	.
13	77	.	.
13	78	.	.
13	79	.	.
13	80	32	68
13	81	75	23
13	82	29	31
13	83	25	60
13	84	30	69
13	85	25	73
13	86	18	62
13	87	21	64
13	88	81	66
13	89	67	64
13	90	24	59
13	91	26	64
13	92	29	67
13	93	72	18
13	94	35	13
13	95	.	.
13	96	26	25
13	97	22	29
13	98	27	31
13	99	.	.
13	100	.	.
13	101	16	31
13	102	24	27
13	103	.	.
13	104	67	37
13	105	31	69
13	106	32	29
13	107	30	28
13	108	.	.
13	109	.	.
13	110	.	.
13	111	33	75
13	112	34	66
13	113	23	71
13	114	31	31
13	115	.	.
13	116	38	18
13	117	35	25
13	118	67	28
13	119	60	62
13	120	.	.
13	121	13	61
13	122	36	37
13	123	.	.
13	124	.	.
14	1	13	70
14	2	7	12
14	3	58	7
14	4	50	63
14	5	3	72
14	6	71	71
14	7	8	58
14	8	87	65
14	9	11	63
14	10	17	9
14	11	6	93
14	12	95	7
14	13	0	60
14	14	.	.
14	15	69	65
14	16	69	34
14	17	18	6
14	18	14	5
14	19	49	7
14	20	84	80
14	21	77	91
14	22	60	92
14	23	9	92
14	24	58	72
14	25	7	79
14	26	13	79
14	27	16	34
14	28	59	59
14	29	7	16
14	30	67	72
14	31	27	7
14	32	78	29
14	33	36	71
14	34	.	.
14	35	26	85
14	36	69	27
14	37	11	77
14	38	30	68
14	39	14	64
14	40	24	32
14	41	8	65
14	42	21	64
14	43	73	23
14	44	12	17
14	45	14	79
14	46	64	68
14	47	86	9
14	48	17	71
14	49	65	8
14	50	78	68
14	51	82	79
14	52	59	81
14	53	72	70
14	54	17	59
14	55	18	59
14	56	19	16
14	57	9	4
14	58	63	77
14	59	12	62
14	60	17	70
14	61	29	54
14	62	11	73
14	63	18	64
14	64	.	.
14	65	10	17
14	66	17	68
14	67	0	68
14	68	17	16
14	69	77	77
14	70	20	25
14	71	17	20
14	72	10	14
14	73	68	17
14	74	12	22
14	75	82	62
14	76	22	59
14	77	64	60
14	78	32	25
14	79	14	72
14	80	24	62
14	81	63	77
14	82	73	77
14	83	65	17
14	84	3	68
14	85	23	84
14	86	76	73
14	87	11	100
14	88	11	20
14	89	17	16
14	90	17	74
14	91	15	83
14	92	.	.
14	93	67	75
14	94	53	84
14	95	20	73
14	96	19	72
14	97	27	69
14	98	69	19
14	99	13	13
14	100	24	77
14	101	24	73
14	102	14	74
14	103	69	75
14	104	17	80
14	105	63	70
14	106	59	88
14	107	21	22
14	108	81	75
14	109	32	81
14	110	12	71
14	111	22	81
14	112	7	83
14	113	25	22
14	114	14	79
14	115	38	24
14	116	8	11
14	117	20	78
14	118	76	77
14	119	14	19
14	120	.	.
14	121	86	78
14	122	.	.
14	123	.	.
14	124	.	.
15	1	27	72
15	2	0	0
15	3	2	77
15	4	20	74
15	5	.	.
15	6	.	.
15	7	7	5
15	8	0	0
15	9	.	.
15	10	54	81
15	11	9	86
15	12	12	86
15	13	18	3
15	14	34	72
15	15	24	75
15	16	13	68
15	17	17	91
15	18	67	100
15	19	93	50
15	20	19	82
15	21	6	98
15	22	17	83
15	23	.	.
15	24	59	87
15	25	74	79
15	26	.	.
15	27	.	.
15	28	.	.
15	29	25	76
15	30	70	60
15	31	76	76
15	32	70	82
15	33	81	92
15	34	35	19
15	35	17	64
15	36	21	76
15	37	77	84
15	38	36	43
15	39	14	79
15	40	47	82
15	41	27	82
15	42	75	77
15	43	25	80
15	44	82	82
15	45	74	82
15	46	.	.
15	47	.	.
15	48	19	76
15	49	10	100
15	50	6	96
15	51	66	27
15	52	.	.
15	53	13	1
15	54	70	0
15	55	.	.
15	56	.	.
15	57	13	19
15	58	8	83
15	59	70	22
15	60	76	76
15	61	77	50
15	62	7	18
15	63	73	74
15	64	16	91
15	65	72	78
15	66	64	72
15	67	.	.
15	68	80	73
15	69	.	.
15	70	71	80
15	71	.	.
15	72	90	64
15	73	.	.
15	74	78	86
15	75	59	100
15	76	64	81
15	77	73	74
15	78	.	.
15	79	66	71
15	80	85	100
15	81	32	82
15	82	.	.
15	83	.	.
15	84	81	90
15	85	.	.
15	86	72	89
15	87	78	28
15	88	67	85
15	89	87	83
15	90	77	86
15	91	0	86
15	92	.	.
15	93	84	81
15	94	.	.
15	95	56	80
15	96	.	.
15	97	70	80
15	98	.	.
15	99	75	65
15	100	73	74
15	101	.	.
15	102	77	68
15	103	74	80
15	104	71	91
15	105	85	50
15	106	74	79
15	107	20	93
15	108	.	.
15	109	.	.
15	110	82	100
15	111	.	.
15	112	0	82
15	113	68	63
15	114	69	100
15	115	73	67
15	116	.	.
15	117	.	.
15	118	.	.
15	119	78	76
15	120	74	80
15	121	.	.
15	122	86	100
15	123	81	79
15	124	35	78
15	125	65	83
15	126	.	.
15	127	.	.
15	128	.	.
16	1	69	73
16	2	85	19
16	3	0	32
16	4	18	60
16	5	65	17
16	6	81	11
16	7	15	87
16	8	0	82
16	9	13	81
16	10	.	.
16	11	17	66
16	12	20	20
16	13	74	77
16	14	.	.
16	15	.	.
16	16	.	.
16	17	67	75
16	18	80	74
16	19	.	.
16	20	82	21
16	21	90	63
16	22	70	74
16	23	67	16
16	24	65	10
16	25	64	65
16	26	19	80
16	27	16	73
16	28	16	70
16	29	64	76
16	30	93	17
16	31	5	84
16	32	10	67
16	33	15	82
16	34	12	69
16	35	11	79
16	36	15	82
16	37	.	.
16	38	73	30
16	39	.	.
16	40	.	.
16	41	.	.
16	42	73	19
16	43	13	32
16	44	.	.
16	45	.	.
16	46	.	.
16	47	12	70
16	48	18	75
16	49	81	79
16	50	.	.
16	51	17	81
16	52	19	73
16	53	19	83
16	54	16	85
16	55	11	80
16	56	.	.
16	57	79	83
16	58	.	.
16	59	46	76
16	60	.	.
16	61	.	.
16	62	73	55
16	63	9	13
16	64	13	63
16	65	.	.
16	66	76	20
16	67	8	24
16	68	71	25
16	69	41	68
16	70	25	25
16	71	9	66
16	72	12	26
16	73	10	77
16	74	32	62
16	75	16	80
16	76	25	81
16	77	15	83
16	78	8	81
16	79	31	85
16	80	10	81
16	81	60	78
16	82	.	.
16	83	13	89
16	84	69	81
16	85	83	14
16	86	.	.
16	87	12	19
16	88	11	16
16	89	5	24
16	90	84	16
16	91	13	9
16	92	8	12
16	93	83	19
16	94	32	10
16	95	9	13
16	96	0	65
16	97	10	15
16	98	82	74
16	99	9	92
16	100	24	84
16	101	.	.
16	102	.	.
16	103	10	91
16	104	4	65
16	105	10	85
16	106	.	.
16	107	13	86
16	108	11	90
16	109	11	81
16	110	15	84
16	111	10	71
16	112	11	13
16	113	82	82
16	114	87	70
16	115	.	.
16	116	7	91
16	117	11	71
16	118	3	73
16	119	83	20
16	120	87	11
16	121	.	.
16	122	100	57
16	123	19	0
16	124	15	11
16	125	.	.
16	126	.	.
16	127	.	.
16	128	.	.
17	1	73	76
17	2	30	75
17	3	13	78
17	4	78	86
17	5	24	64
17	6	8	84
17	7	19	87
17	8	87	87
17	9	85	85
17	10	89	88
17	11	74	83
17	12	61	65
17	13	16	92
17	14	97	78
17	15	20	92
17	16	.	.
17	17	91	79
17	18	7	79
17	19	6	71
17	20	76	11
17	21	19	78
17	22	88	85
17	23	12	10
17	24	13	15
17	25	70	13
17	26	7	72
17	27	92	86
17	28	66	14
17	29	86	91
17	30	.	.
17	31	14	8
17	32	94	14
17	33	32	93
17	34	98	87
17	35	70	19
17	36	87	16
17	37	80	31
17	38	97	71
17	39	98	90
17	40	6	78
17	41	68	15
17	42	8	8
17	43	2	85
17	44	79	73
17	45	13	88
17	46	77	0
17	47	86	2
17	48	86	5
17	49	87	93
17	50	87	0
17	51	90	12
17	52	0	70
17	53	74	84
17	54	70	83
17	55	98	82
17	56	91	14
17	57	85	0
17	58	5	8
17	59	65	5
17	60	82	6
17	61	86	83
17	62	.	.
17	63	18	20
17	64	76	6
17	65	4	5
17	66	5	96
17	67	92	73
17	68	90	6
17	69	86	93
17	70	84	9
17	71	86	89
17	72	100	90
17	73	81	90
17	74	96	98
17	75	84	100
17	76	95	81
17	77	92	84
17	78	75	73
17	79	95	84
17	80	97	82
17	81	71	62
17	82	97	64
17	83	86	78
17	84	92	69
17	85	81	14
17	86	12	22
17	87	68	73
17	88	73	61
17	89	80	88
17	90	17	92
17	91	91	22
17	92	85	16
17	93	73	96
17	94	87	90
17	95	10	87
17	96	7	82
17	97	67	85
17	98	0	90
17	99	62	89
17	100	84	94
17	101	87	86
17	102	23	81
17	103	70	93
17	104	96	82
17	105	75	84
17	106	67	92
17	107	79	22
17	108	77	83
17	109	91	83
17	110	86	8
17	111	78	16
17	112	66	8
17	113	.	.
17	114	88	2
17	115	87	71
17	116	0	88
17	117	97	92
17	118	7	90
17	119	87	5
17	120	16	77
17	121	86	86
17	122	4	88
17	123	97	86
17	124	85	85
17	125	79	59
17	126	.	.
17	127	.	.
17	128	.	.
18	1	63	44
18	2	61	21
18	3	85	35
18	4	81	51
18	5	78	31
18	6	41	25
18	7	63	43
18	8	60	25
18	9	64	50
18	10	76	43
18	11	66	18
18	12	57	27
18	13	71	60
18	14	61	30
18	15	63	24
18	16	66	35
18	17	70	56
18	18	70	60
18	19	64	44
18	20	60	38
18	21	80	36
18	22	77	28
18	23	70	43
18	24	73	31
18	25	35	35
18	26	73	42
18	27	35	32
18	28	71	27
18	29	48	26
18	30	80	40
18	31	80	61
18	32	34	54
18	33	62	30
18	34	65	70
18	35	83	26
18	36	71	57
18	37	63	59
18	38	75	32
18	39	68	37
18	40	72	23
18	41	72	62
18	42	73	48
18	43	66	33
18	44	73	60
18	45	87	56
18	46	50	31
18	47	72	34
18	48	44	33
18	49	83	61
18	50	.	.
18	51	61	24
18	52	63	65
18	53	73	28
18	54	67	62
18	55	57	18
18	56	84	55
18	57	84	31
18	58	.	.
18	59	.	.
18	60	68	80
18	61	64	63
18	62	71	62
18	63	75	25
18	64	74	28
18	65	73	28
18	66	78	19
18	67	80	35
18	68	32	27
18	69	76	20
18	70	44	59
18	71	65	28
18	72	68	79
18	73	71	28
18	74	.	.
18	75	67	75
18	76	19	100
18	77	71	83
18	78	78	73
18	79	71	88
18	80	87	66
18	81	69	74
18	82	82	79
18	83	67	69
18	84	66	37
18	85	31	36
18	86	62	39
18	87	71	36
18	88	62	75
18	89	67	34
18	90	69	72
18	91	40	80
18	92	61	83
18	93	56	67
18	94	56	48
18	95	.	.
18	96	67	58
18	97	58	47
18	98	65	60
18	99	72	58
18	100	81	42
18	101	70	29
18	102	36	34
18	103	70	37
18	104	66	73
18	105	68	32
18	106	63	41
18	107	60	70
18	108	63	61
18	109	67	60
18	110	66	57
18	111	61	62
18	112	63	50
18	113	66	31
18	114	70	66
18	115	69	59
18	116	64	79
18	117	61	35
18	118	61	58
18	119	67	42
18	120	.	.
20	1	64	69
20	2	28	32
20	3	63	77
20	4	67	72
20	5	22	35
20	6	.	.
20	7	21	26
20	8	26	24
20	9	.	.
20	10	33	20
20	11	78	24
20	12	38	27
20	13	31	36
20	14	59	60
20	15	52	61
20	16	73	72
20	17	.	.
20	18	64	72
20	19	62	75
20	20	30	29
20	21	57	50
20	22	33	32
20	23	32	34
20	24	35	37
20	25	.	.
20	26	67	68
20	27	61	63
20	28	27	37
20	29	35	61
20	30	28	25
20	31	67	34
20	32	70	75
20	33	59	66
20	34	.	.
20	35	35	41
20	36	71	68
20	37	.	.
20	38	35	32
20	39	.	.
20	40	34	29
20	41	.	.
20	42	64	63
20	43	67	68
20	44	64	39
20	45	70	54
20	46	33	32
20	47	39	40
20	48	33	35
20	49	.	.
20	50	.	.
20	51	.	.
20	52	29	24
20	53	69	39
20	54	36	33
20	55	34	60
20	56	.	.
20	57	32	35
20	58	.	.
20	59	35	34
20	60	36	60
20	61	61	33
20	62	74	54
20	63	55	57
20	64	44	28
20	65	37	35
20	66	37	36
20	67	41	38
20	68	33	33
20	69	.	.
20	70	61	37
20	71	58	57
20	72	35	33
20	73	37	34
20	74	.	.
20	75	.	.
20	76	33	27
20	77	30	33
20	78	.	.
20	79	.	.
20	80	36	33
20	81	67	64
20	82	41	29
20	83	60	37
20	84	35	60
20	85	63	39
20	86	60	42
20	87	.	.
20	88	36	57
20	89	55	73
20	90	.	.
20	91	.	.
20	92	.	.
20	93	66	61
20	94	61	39
20	95	.	.
20	96	26	38
20	97	37	36
20	98	68	60
20	99	62	37
20	100	69	78
20	101	58	59
20	102	62	30
20	103	.	.
20	104	.	.
20	105	.	.
20	106	.	.
20	107	65	41
20	108	55	34
20	109	64	66
20	110	.	.
20	111	.	.
20	112	.	.
20	113	.	.
20	114	.	.
20	115	81	65
20	116	.	.
20	117	64	74
20	118	67	85
20	119	64	72
20	120	62	38
20	121	65	55
20	122	66	36
20	123	.	.
20	124	34	38
20	125	38	41
20	126	.	.
20	127	.	.
20	128	.	.
21	1	26	18
21	2	83	30
21	3	65	19
21	4	21	55
21	5	19	63
21	6	27	20
21	7	65	60
21	8	24	17
21	9	30	16
21	10	.	.
21	11	22	21
21	12	21	27
21	13	20	20
21	14	60	70
21	15	18	60
21	16	.	.
21	17	72	70
21	18	.	.
21	19	18	60
21	20	64	40
21	21	70	65
21	22	15	65
21	23	20	11
21	24	10	14
21	25	.	.
21	26	15	14
21	27	17	13
21	28	5	6
21	29	19	0
21	30	10	9
21	31	66	14
21	32	14	16
21	33	17	13
21	34	.	.
21	35	22	17
21	36	10	2
21	37	9	9
21	38	15	10
21	39	16	17
21	40	13	8
21	41	12	14
21	42	65	64
21	43	75	10
21	44	75	12
21	45	75	65
21	46	50	13
21	47	57	65
21	48	60	15
21	49	65	65
21	50	14	64
21	51	17	19
21	52	69	13
21	53	60	16
21	54	.	.
21	55	12	12
21	56	13	15
21	57	69	14
21	58	13	12
21	59	.	.
21	60	64	9
21	61	60	20
21	62	34	17
21	63	13	9
21	64	7	11
21	65	9	58
21	66	13	13
21	67	66	61
21	68	57	61
21	69	22	60
21	70	65	12
21	71	28	75
21	72	58	66
21	73	72	17
21	74	73	80
21	75	12	65
21	76	44	71
21	77	17	64
21	78	.	.
21	79	22	61
21	80	12	20
21	81	67	74
21	82	67	16
21	83	12	9
21	84	.	.
21	85	14	67
21	86	81	8
21	87	.	.
21	88	26	10
21	89	62	67
21	90	69	80
21	91	59	80
21	92	74	77
21	93	71	78
21	94	12	75
21	95	.	.
21	96	.	.
21	97	67	74
21	98	70	79
21	99	77	73
21	100	24	70
21	101	76	67
21	102	78	67
21	103	75	74
21	104	78	75
21	105	.	.
21	106	20	72
21	107	60	55
21	108	74	21
21	109	59	20
21	110	77	15
21	111	69	11
21	112	.	.
21	113	77	10
21	114	22	61
21	115	68	66
21	116	72	9
21	117	75	10
21	118	74	70
21	119	72	77
21	120	64	82
21	121	76	71
21	122	81	84
21	123	.	.
21	124	50	79
21	125	.	.
21	126	.	.
21	127	.	.
21	128	.	.
22	1	15	64
22	2	18	41
22	3	58	65
22	4	71	66
22	5	11	76
22	6	74	25
22	7	67	70
22	8	89	78
22	9	15	71
22	10	7	17
22	11	4	63
22	12	85	21
22	13	1	72
22	14	57	65
22	15	19	70
22	16	10	63
22	17	19	63
22	18	22	91
22	19	12	73
22	20	.	.
22	21	9	70
22	22	15	62
22	23	26	65
22	24	82	27
22	25	1	82
22	26	22	14
22	27	66	28
22	28	24	68
22	29	18	27
22	30	21	26
22	31	26	29
22	32	87	25
22	33	18	56
22	34	18	63
22	35	.	.
22	36	33	62
22	37	11	38
22	38	.	.
22	39	26	28
22	40	18	34
22	41	18	24
22	42	19	55
22	43	23	25
22	44	30	30
22	45	9	63
22	46	75	59
22	47	.	.
22	48	28	77
22	49	23	60
22	50	38	55
22	51	64	27
22	52	32	61
22	53	24	25
22	54	26	30
22	55	28	68
22	56	31	66
22	57	22	76
22	58	.	.
22	59	27	22
22	60	29	72
22	61	68	71
22	62	.	.
22	63	29	70
22	64	77	60
22	65	7	68
22	66	18	23
22	67	87	66
22	68	21	66
22	69	19	61
22	70	30	64
22	71	27	62
22	72	67	31
22	73	41	26
22	74	.	.
22	75	30	27
22	76	26	38
22	77	13	57
22	78	29	29
22	79	.	.
22	80	74	29
22	81	.	.
22	82	23	32
22	83	36	24
22	84	35	44
22	85	30	35
22	86	20	32
22	87	71	27
22	88	25	29
22	89	35	29
22	90	43	75
22	91	.	.
22	92	29	22
22	93	.	.
22	94	22	32
22	95	25	32
22	96	.	.
22	97	27	59
22	98	55	69
22	99	33	61
22	100	21	32
22	101	25	35
22	102	.	.
22	103	26	31
22	104	31	62
22	105	21	29
22	106	24	56
22	107	29	69
22	108	.	.
22	109	14	65
22	110	54	60
22	111	29	52
22	112	22	62
22	113	26	62
22	114	33	63
22	115	.	.
22	116	72	60
22	117	49	34
22	118	.	.
22	119	30	55
22	120	.	.
22	121	16	67
22	122	65	67
22	123	73	26
22	124	20	61
23	1	33	60
23	2	33	46
23	3	38	44
23	4	23	36
23	5	23	26
23	6	25	33
23	7	24	77
23	8	29	41
23	9	37	72
23	10	25	19
23	11	26	67
23	12	17	27
23	13	40	33
23	14	35	60
23	15	29	28
23	16	17	10
23	17	12	14
23	18	23	16
23	19	16	20
23	20	14	20
23	21	34	10
23	22	26	17
23	23	27	13
23	24	20	9
23	25	22	16
23	26	42	69
23	27	22	15
23	28	30	11
23	29	19	13
23	30	23	65
23	31	10	77
23	32	16	14
23	33	22	6
23	34	17	11
23	35	16	12
23	36	17	17
23	37	13	84
23	38	64	80
23	39	16	7
23	40	21	14
23	41	17	74
23	42	31	86
23	43	9	90
23	44	27	67
23	45	68	80
23	46	28	76
23	47	32	39
23	48	26	87
23	49	27	22
23	50	22	12
23	51	21	68
23	52	29	24
23	53	21	17
23	54	19	17
23	55	24	16
23	56	15	10
23	57	.	.
23	58	7	19
23	59	.	.
23	60	65	13
23	61	12	73
23	62	24	64
23	63	13	10
23	64	13	77
23	65	25	65
23	66	73	14
23	67	7	73
23	68	13	85
23	69	14	14
23	70	15	83
23	71	5	27
23	72	8	93
23	73	9	82
23	74	14	86
23	75	22	83
23	76	15	80
23	77	72	78
23	78	30	84
23	79	28	88
23	80	34	79
23	81	22	84
23	82	73	75
23	83	.	.
23	84	29	83
23	85	29	84
23	86	.	.
23	87	28	28
23	88	22	82
23	89	28	83
23	90	24	63
23	91	29	24
23	92	28	86
23	93	14	79
23	94	22	77
23	95	27	27
23	96	24	29
23	97	23	65
23	98	19	33
23	99	37	32
23	100	25	74
23	101	20	29
23	102	.	.
23	103	16	14
23	104	30	18
23	105	14	16
23	106	32	7
23	107	18	21
23	108	22	19
23	109	18	16
23	110	28	18
23	111	13	88
23	112	16	15
23	113	34	28
23	114	20	14
23	115	24	15
23	116	22	7
23	117	.	.
23	118	.	.
23	119	.	.
23	120	21	23
23	121	22	16
23	122	.	.
23	123	.	.
23	124	.	.
24	1	30	60
24	2	70	87
24	3	85	80
24	4	15	55
24	5	25	72
24	6	70	50
24	7	30	64
24	8	18	33
24	9	34	79
24	10	30	79
24	11	71	74
24	12	31	73
24	13	31	33
24	14	79	84
24	15	29	29
24	16	21	25
24	17	82	61
24	18	.	.
24	19	.	.
24	20	.	.
24	21	.	.
24	22	82	86
24	23	80	81
24	24	56	100
24	25	10	70
24	26	35	31
24	27	73	79
24	28	71	82
24	29	75	74
24	30	32	87
24	31	76	83
24	32	31	70
24	33	21	61
24	34	21	25
24	35	69	74
24	36	26	76
24	37	26	79
24	38	29	28
24	39	30	71
24	40	21	72
24	41	31	68
24	42	30	70
24	43	69	29
24	44	.	.
24	45	20	75
24	46	29	21
24	47	72	63
24	48	67	42
24	49	29	78
24	50	30	68
24	51	25	25
24	52	27	27
24	53	27	75
24	54	27	80
24	55	71	74
24	56	67	79
24	57	21	76
24	58	26	60
24	59	26	81
24	60	66	83
24	61	22	75
24	62	16	70
24	63	77	66
24	64	75	89
24	65	25	85
24	66	17	80
24	67	74	77
24	68	20	35
24	69	19	83
24	70	80	100
24	71	20	71
24	72	16	27
24	73	76	73
24	74	39	45
24	75	26	80
24	76	84	74
24	77	24	85
24	78	74	18
24	79	84	27
24	80	75	79
24	81	35	79
24	82	21	71
24	83	72	77
24	84	73	56
24	85	74	71
24	86	71	70
24	87	68	73
24	88	69	28
24	89	20	65
24	90	26	67
24	91	21	65
24	92	24	80
24	93	35	81
24	94	72	73
24	95	68	69
24	96	73	74
24	97	76	76
24	98	73	70
24	99	73	30
24	100	73	70
24	101	20	68
24	102	67	69
24	103	75	35
24	104	69	26
24	105	71	68
24	106	74	72
24	107	69	75
24	108	59	28
24	109	27	37
24	110	18	69
24	111	26	62
24	112	25	70
24	113	64	64
24	114	32	73
24	115	69	33
24	116	20	73
24	117	67	66
24	118	25	69
24	119	31	66
24	120	67	70
24	121	73	70
24	122	24	33
24	123	26	61
24	124	71	75
24	125	64	61
24	126	28	91
24	127	.	.
24	128	.	.
24	129	.	.
24	130	.	.
24	131	.	.
24	132	.	.
25	1	11	41
25	2	43	55
25	3	11	41
25	4	22	56
25	5	37	49
25	6	34	38
25	7	13	48
25	8	.	.
25	9	16	50
25	10	53	59
25	11	33	40
25	12	21	32
25	13	.	.
25	14	25	41
25	15	20	34
25	16	.	.
25	17	39	45
25	18	35	57
25	19	28	55
25	20	20	45
25	21	19	45
25	22	24	56
25	23	22	42
25	24	29	36
25	25	41	65
25	26	.	.
25	27	35	67
25	28	38	58
25	29	34	55
25	30	40	41
25	31	31	42
25	32	29	44
25	33	62	44
25	34	33	57
25	35	22	39
25	36	25	44
25	37	30	53
25	38	.	.
25	39	44	59
25	40	38	62
25	41	43	45
25	42	36	43
25	43	31	36
25	44	40	42
25	45	34	54
25	46	.	.
25	47	43	39
25	48	37	43
25	49	.	.
25	50	32	58
25	51	35	53
25	52	37	41
25	53	.	.
25	54	31	59
25	55	41	63
25	56	51	57
25	57	39	60
25	58	37	60
25	59	42	60
25	60	60	59
25	61	38	56
25	62	39	57
25	63	31	63
25	64	.	.
25	65	34	60
25	66	31	50
25	67	.	.
25	68	50	39
25	69	.	.
25	70	31	33
25	71	40	38
25	72	45	34
25	73	30	32
25	74	40	32
25	75	25	39
25	76	36	38
25	77	30	31
25	78	57	64
25	79	54	62
25	80	61	67
25	81	25	37
25	82	32	32
25	83	30	32
25	84	.	.
25	85	36	35
25	86	32	33
25	87	42	38
25	88	37	43
25	89	28	30
25	90	38	29
25	91	28	34
25	92	30	30
25	93	35	24
25	94	33	35
25	95	.	.
25	96	35	37
25	97	35	35
25	98	33	22
25	99	30	31
25	100	38	32
25	101	30	22
25	102	24	28
25	103	32	37
25	104	32	34
25	105	32	28
25	106	24	32
25	107	30	35
25	108	35	35
25	109	30	32
25	110	22	42
25	111	36	31
25	112	52	37
25	113	31	32
25	114	31	34
25	115	39	60
25	116	28	34
25	117	31	37
25	118	31	50
25	119	36	42
25	120	.	.
25	121	32	36
25	122	32	37
25	123	38	30
25	124	50	39
25	125	.	.
25	126	.	.
25	127	.	.
25	128	.	.
29	1	0	65
29	2	0	29
29	3	54	80
29	4	72	18
29	5	32	74
29	6	71	0
29	7	98	100
29	8	77	71
29	9	39	67
29	10	76	83
29	11	64	73
29	12	85	78
29	13	61	72
29	14	60	94
29	15	76	61
29	16	70	77
29	17	75	97
29	18	97	92
29	19	30	86
29	20	81	84
29	21	34	75
29	22	22	71
29	23	63	89
29	24	35	92
29	25	71	87
29	26	25	81
29	27	98	60
29	28	84	76
29	29	25	78
29	30	64	69
29	31	64	62
29	32	74	77
29	33	0	14
29	34	85	74
29	35	.	.
29	36	91	80
29	37	19	85
29	38	20	85
29	39	21	72
29	40	85	90
29	41	73	92
29	42	0	86
29	43	60	100
29	44	19	95
29	45	56	100
29	46	23	86
29	47	91	75
29	48	.	.
29	49	31	82
29	50	27	68
29	51	0	69
29	52	25	92
29	53	.	.
29	54	15	96
29	55	0	87
29	56	77	100
29	57	63	87
29	58	39	100
29	59	5	100
29	60	77	79
29	61	14	96
29	62	67	100
29	63	25	86
29	64	95	100
29	65	66	100
29	66	74	100
29	67	21	100
29	68	86	100
29	69	14	75
29	70	73	100
29	71	69	100
29	72	0	82
29	73	19	94
29	74	88	100
29	75	76	83
29	76	83	100
29	77	71	79
29	78	15	100
29	79	83	100
29	80	18	100
29	81	81	18
29	82	100	100
29	83	19	64
29	84	67	77
29	85	0	86
29	86	71	69
29	87	96	83
29	88	0	95
29	89	73	100
29	90	100	92
29	91	.	.
29	92	90	34
29	93	14	63
29	94	0	0
29	95	0	23
29	96	86	74
29	97	11	74
29	98	73	59
29	99	.	.
29	100	100	90
29	101	0	85
29	102	35	100
29	103	68	99
29	104	93	83
29	105	80	83
29	106	73	86
29	107	0	92
29	108	7	76
29	109	65	72
29	110	63	95
29	111	59	78
29	112	22	87
29	113	14	98
29	114	62	86
29	115	0	88
29	116	.	.
29	117	0	100
29	118	16	100
29	119	72	100
29	120	77	72
29	121	18	100
29	122	73	33
29	123	0	89
29	124	.	.
33	1	16	51
33	2	0	37
33	3	31	69
33	4	50	64
33	5	29	62
33	6	36	50
33	7	.	.
33	8	50	77
33	9	0	50
33	10	.	.
33	11	71	55
33	12	0	35
33	13	30	16
33	14	70	45
33	15	.	.
33	16	50	71
33	17	50	68
33	18	66	50
33	19	19	60
33	20	0	50
33	21	50	31
33	22	50	50
33	23	.	.
33	24	73	11
33	25	0	22
33	26	69	0
33	27	50	41
33	28	72	71
33	29	0	61
33	30	68	65
33	31	73	28
33	32	50	75
33	33	0	67
33	34	.	.
33	35	31	62
33	36	69	36
33	37	.	.
33	38	68	46
33	39	50	69
33	40	60	71
33	41	62	100
33	42	40	100
33	43	50	73
33	44	42	100
33	45	50	77
33	46	.	.
33	47	30	22
33	48	0	53
33	49	.	.
33	50	72	41
33	51	.	.
33	52	.	.
33	53	.	.
33	54	72	49
33	55	34	40
33	56	73	68
33	57	20	69
33	58	63	77
33	59	68	75
33	60	69	69
33	61	80	74
33	62	.	.
33	63	2	83
33	64	0	59
33	65	68	68
33	66	28	69
33	67	28	69
33	68	70	76
33	69	.	.
33	70	64	34
33	71	67	69
33	72	50	51
33	73	50	50
33	74	31	56
33	75	62	50
33	76	66	50
33	77	65	48
33	78	.	.
33	79	.	.
33	80	69	23
33	81	52	45
33	82	28	50
33	83	78	17
33	84	.	.
33	85	46	51
33	86	30	29
33	87	70	50
33	88	75	53
33	89	0	83
33	90	50	73
33	91	74	71
33	92	69	50
33	93	68	65
33	94	31	60
33	95	.	.
33	96	0	50
33	97	72	64
33	98	67	64
33	99	35	50
33	100	72	69
33	101	71	69
33	102	.	.
33	103	69	53
33	104	67	59
33	105	.	.
33	106	73	50
33	107	70	42
33	108	.	.
33	109	68	50
33	110	28	30
33	111	66	73
33	112	67	67
33	113	.	.
33	114	69	64
33	115	72	72
33	116	66	66
34	1	48	54
34	2	0	17
34	3	24	50
34	4	18	50
34	5	74	100
34	6	.	.
34	7	50	82
34	8	0	84
34	9	80	50
34	10	100	0
34	11	0	78
34	12	18	88
34	13	19	100
34	14	0	100
34	15	50	50
34	16	100	100
34	17	50	50
34	18	50	50
34	19	0	100
34	20	77	69
34	21	21	61
34	22	68	40
34	23	58	37
34	24	37	4
34	25	25	69
34	26	89	87
34	27	0	100
34	28	0	98
34	29	50	50
34	30	24	100
34	31	.	.
34	32	22	50
34	33	100	100
34	34	2	75
34	35	0	50
34	36	.	.
34	37	.	.
34	38	7	77
34	39	2	100
34	40	53	66
34	41	.	.
34	42	0	83
34	43	50	50
34	44	18	79
34	45	.	.
34	46	0	100
34	47	.	.
34	48	22	69
34	49	69	50
34	50	0	100
34	51	24	10
34	52	.	.
34	53	.	.
34	54	17	73
34	55	.	.
34	56	15	23
34	57	0	100
34	58	81	23
34	59	3	100
34	60	69	80
34	61	50	50
34	62	29	21
34	63	50	50
34	64	70	69
34	65	68	84
34	66	0	100
34	67	0	50
34	68	70	56
34	69	50	69
34	70	50	50
34	71	4	82
34	72	80	75
34	73	0	0
34	74	0	0
34	75	0	0
34	76	15	20
34	77	17	79
34	78	0	0
34	79	0	100
34	80	0	85
34	81	11	27
34	82	72	31
34	83	4	85
34	84	.	.
34	85	49	72
34	86	50	50
34	87	0	50
34	88	.	.
34	89	.	.
34	90	50	87
34	91	50	50
34	92	82	58
34	93	.	.
34	94	0	100
34	95	0	50
34	96	.	.
34	97	21	51
34	98	40	19
34	99	50	50
34	100	85	50
34	101	6	86
34	102	32	92
34	103	32	66
34	104	50	50
34	105	47	12
34	106	100	91
34	107	75	68
34	108	99	90
34	109	.	.
34	110	85	89
34	111	0	50
34	112	.	.
34	113	50	50
34	114	1	100
34	115	50	50
34	116	27	80
34	117	79	12
34	118	.	.
34	119	50	50
34	120	50	50
34	121	.	.
34	122	0	50
34	123	0	100
34	124	.	.
34	125	.	.
34	126	.	.
34	127	.	.
34	128	.	.
35	1	73	63
35	2	65	26
35	3	70	26
35	4	14	36
35	5	70	34
35	6	79	76
35	7	14	34
35	8	64	36
35	9	71	24
35	10	50	15
35	11	14	20
35	12	20	14
35	13	.	.
35	14	.	.
35	15	20	21
35	16	.	.
35	17	100	18
35	18	23	25
35	19	50	22
35	20	16	12
35	21	.	.
35	22	13	10
35	23	12	19
35	24	.	.
35	25	60	9
35	26	15	8
35	27	18	21
35	28	16	17
35	29	16	14
35	30	16	7
35	31	20	9
35	32	64	3
35	33	12	14
35	34	9	16
35	35	68	10
35	36	10	10
35	37	83	79
35	38	5	68
35	39	7	14
35	40	72	17
35	41	.	.
35	42	.	.
35	43	66	8
35	44	99	75
35	45	93	88
35	46	79	21
35	47	.	.
35	48	20	9
35	49	77	69
35	50	75	2
35	51	67	13
35	52	74	21
35	53	66	13
35	54	13	13
35	55	68	64
35	56	24	11
35	57	82	68
35	58	.	.
35	59	.	.
35	60	.	.
35	61	19	18
35	62	73	61
35	63	22	33
35	64	75	20
35	65	74	17
35	66	.	.
35	67	20	10
35	68	20	26
35	69	67	22
35	70	.	.
35	71	9	5
35	72	8	11
35	73	91	16
35	74	88	22
35	75	86	19
35	76	.	.
35	77	.	.
35	78	12	18
35	79	16	16
35	80	22	8
35	81	72	29
35	82	86	5
35	83	19	20
35	84	93	10
35	85	13	13
35	86	66	74
35	87	31	17
35	88	22	71
35	89	24	21
35	90	.	.
35	91	16	11
35	92	41	21
35	93	33	20
35	94	.	.
35	95	23	9
35	96	15	12
35	97	75	23
35	98	81	65
35	99	77	12
35	100	19	60
35	101	21	24
35	102	71	10
35	103	17	18
35	104	82	16
35	105	9	87
35	106	14	15
35	107	10	64
35	108	77	70
35	109	84	64
35	110	.	.
35	111	12	15
35	112	85	43
35	113	.	.
35	114	16	88
35	115	.	.
35	116	17	14
35	117	26	15
35	118	.	.
35	119	81	91
35	120	83	25
35	121	83	86
35	122	.	.
35	123	.	.
35	124	.	.
36	1	6	62
36	2	77	78
36	3	14	67
36	4	61	26
36	5	.	.
36	6	59	37
36	7	71	59
36	8	64	40
36	9	20	27
36	10	100	33
36	11	72	77
36	12	93	76
36	13	100	76
36	14	90	24
36	15	100	75
36	16	.	.
36	17	85	81
36	18	100	76
36	19	100	76
36	20	81	75
36	21	66	79
36	22	.	.
36	23	50	68
36	24	79	14
36	25	.	.
36	26	68	15
36	27	91	13
36	28	.	.
36	29	80	73
36	30	69	65
36	31	83	67
36	32	.	.
36	33	84	28
36	34	.	.
36	35	.	.
36	36	80	16
36	37	78	37
36	38	77	28
36	39	79	64
36	40	77	29
36	41	.	.
36	42	87	70
36	43	75	22
36	44	63	67
36	45	71	62
36	46	67	27
36	47	82	22
36	48	82	14
36	49	73	46
36	50	.	.
36	51	73	71
36	52	20	62
36	53	19	37
36	54	64	58
36	55	16	57
36	56	26	28
36	57	81	29
36	58	65	22
36	59	78	50
36	60	75	28
36	61	50	25
36	62	.	.
36	63	.	.
36	64	83	25
36	65	71	69
36	66	.	.
36	67	25	24
36	68	82	21
36	69	87	72
36	70	70	23
36	71	71	0
36	72	78	0
36	73	86	77
36	74	64	0
36	75	100	0
36	76	100	63
36	77	.	.
36	78	60	69
36	79	81	59
36	80	.	.
36	81	.	.
36	82	20	67
36	83	84	50
36	84	73	59
36	85	56	36
36	86	78	38
36	87	78	0
36	88	62	0
36	89	75	0
36	90	78	20
36	91	68	68
36	92	83	0
36	93	.	.
36	94	34	59
36	95	65	65
36	96	.	.
36	97	.	.
36	98	66	61
36	99	85	32
36	100	.	.
36	101	67	66
36	102	82	71
36	103	92	0
36	104	74	23
36	105	.	.
36	106	.	.
36	107	.	.
36	108	.	.
36	109	.	.
36	110	90	0
36	111	73	0
36	112	.	.
36	113	.	.
36	114	.	.
36	115	.	.
36	116	.	.
36	117	.	.
36	118	.	.
36	119	.	.
36	120	37	22
37	1	0	89
37	2	63	50
37	3	.	.
37	4	50	100
37	5	33	72
37	6	0	60
37	7	62	31
37	8	95	26
37	9	0	28
37	10	0	22
37	11	6	27
37	12	59	0
37	13	0	60
37	14	0	61
37	15	.	.
37	16	0	75
37	17	0	84
37	18	0	78
37	19	0	85
37	20	0	50
37	21	0	44
37	22	.	.
37	23	0	27
37	24	0	27
37	25	0	17
37	26	10	31
37	27	.	.
37	28	0	28
37	29	0	26
37	30	63	35
37	31	0	31
37	32	0	65
37	33	0	21
37	34	25	21
37	35	65	24
37	36	74	30
37	37	0	75
37	38	0	60
37	39	27	78
37	40	16	65
37	41	0	64
37	42	65	72
37	43	61	33
37	44	82	60
37	45	0	71
37	46	62	62
37	47	30	23
37	48	0	69
37	49	0	63
37	50	29	83
37	51	36	17
37	52	73	65
37	53	56	20
37	54	67	2
37	55	83	27
37	56	63	21
37	57	.	.
37	58	68	32
37	59	.	.
37	60	68	14
37	61	30	34
37	62	.	.
37	63	.	.
37	64	0	75
37	65	80	87
37	66	88	82
37	67	.	.
37	68	100	18
37	69	0	58
37	70	.	.
37	71	34	16
37	72	0	58
37	73	0	16
37	74	0	82
37	75	.	.
37	76	0	66
37	77	0	76
37	78	0	59
37	79	10	58
37	80	29	76
37	81	0	15
37	82	33	27
37	83	74	26
37	84	1	60
37	85	21	61
37	86	15	63
37	87	48	66
37	88	.	.
37	89	73	73
37	90	42	0
37	91	15	25
37	92	81	7
37	93	0	28
37	94	.	.
37	95	0	23
37	96	0	23
37	97	8	21
37	98	15	29
37	99	.	.
37	100	28	64
37	101	35	28
37	102	0	62
37	103	78	33
37	104	34	56
37	105	66	30
37	106	70	19
37	107	54	34
37	108	64	18
37	109	34	65
37	110	79	16
37	111	92	28
37	112	66	28
37	113	69	22
37	114	94	21
37	115	.	.
37	116	.	.
37	117	78	34
37	118	76	22
37	119	.	.
37	120	100	89
37	121	4	67
37	122	0	67
37	123	72	60
37	124	19	64
38	1	19	50
38	2	72	70
38	3	0	38
38	4	55	57
38	5	25	33
38	6	59	30
38	7	31	25
38	8	15	5
38	9	0	8
38	10	.	.
38	11	0	21
38	12	77	16
38	13	68	30
38	14	74	18
38	15	71	50
38	16	10	23
38	17	23	60
38	18	.	.
38	19	30	12
38	20	34	18
38	21	6	7
38	22	15	11
38	23	0	7
38	24	79	26
38	25	36	50
38	26	61	46
38	27	20	31
38	28	16	29
38	29	18	18
38	30	18	12
38	31	0	3
38	32	69	12
38	33	0	24
38	34	23	15
38	35	81	79
38	36	65	59
38	37	6	11
38	38	0	15
38	39	66	16
38	40	85	20
38	41	0	9
38	42	50	50
38	43	18	0
38	44	57	50
38	45	60	9
38	46	.	.
38	47	63	19
38	48	20	17
38	49	65	56
38	50	15	66
38	51	68	64
38	52	83	55
38	53	.	.
38	54	7	0
38	55	0	0
38	56	0	16
38	57	.	.
38	58	12	6
38	59	0	20
38	60	.	.
38	61	.	.
38	62	4	0
38	63	57	55
38	64	0	60
38	65	.	.
38	66	19	22
38	67	0	5
38	68	0	9
38	69	.	.
38	70	0	55
38	71	57	12
38	72	59	50
38	73	.	.
38	74	6	50
38	75	7	32
38	76	57	59
38	77	.	.
38	78	68	34
38	79	16	27
38	80	28	30
38	81	.	.
38	82	7	36
38	83	24	0
38	84	17	16
38	85	.	.
38	86	59	50
38	87	13	26
38	88	73	24
38	89	19	50
38	90	59	29
38	91	22	50
38	92	.	.
38	93	0	23
38	94	10	17
38	95	77	12
38	96	21	20
38	97	0	18
38	98	0	0
38	99	0	18
38	100	38	12
38	101	0	17
38	102	0	36
38	103	1	26
38	104	32	63
38	105	0	58
38	106	0	69
38	107	82	60
38	108	71	59
38	109	65	82
38	110	28	30
38	111	58	36
38	112	90	29
38	113	14	63
38	114	0	60
38	115	20	65
38	116	26	27
38	117	20	16
38	118	31	37
38	119	74	13
38	120	93	25
38	121	12	11
38	122	22	5
38	123	21	13
38	124	86	17
40	1	20	27
40	2	65	30
40	3	.	.
40	4	70	50
40	5	70	34
40	6	17	34
40	7	60	23
40	8	10	0
40	9	2	10
40	10	64	27
40	11	57	15
40	12	70	21
40	13	60	50
40	14	30	14
40	15	71	50
40	16	83	70
40	17	76	71
40	18	81	70
40	19	82	26
40	20	73	61
40	21	40	17
40	22	60	24
40	23	.	.
40	24	76	37
40	25	73	50
40	26	32	37
40	27	.	.
40	28	84	33
40	29	31	60
40	30	29	35
40	31	71	50
40	32	59	35
40	33	78	69
40	34	37	33
40	35	81	69
40	36	.	.
40	37	73	40
40	38	50	50
40	39	70	69
40	40	73	61
40	41	69	62
40	42	76	75
40	43	76	17
40	44	77	65
40	45	82	76
40	46	50	23
40	47	77	33
40	48	.	.
40	49	72	50
40	50	70	69
40	51	.	.
40	52	19	39
40	53	65	21
40	54	50	30
40	55	75	25
40	56	42	33
40	57	59	50
40	58	71	50
40	59	33	24
40	60	31	33
40	61	67	50
40	62	70	50
40	63	27	30
40	64	60	60
40	65	11	50
40	66	31	30
40	67	34	50
40	68	28	34
40	69	68	60
40	70	.	.
40	71	31	27
40	72	64	49
40	73	31	50
40	74	30	29
40	75	.	.
40	76	13	50
40	77	32	30
40	78	33	50
40	79	33	40
40	80	20	35
40	81	64	32
40	82	64	32
40	83	68	31
40	84	66	31
40	85	28	35
40	86	43	33
40	87	38	50
40	88	59	32
40	89	50	37
40	90	59	50
40	91	26	32
40	92	68	14
40	93	29	26
40	94	40	50
40	95	50	50
40	96	.	.
40	97	50	41
40	98	63	50
40	99	65	56
40	100	60	24
40	101	59	50
40	102	63	62
40	103	50	19
40	104	64	50
40	105	20	38
40	106	.	.
40	107	32	50
40	108	35	31
40	109	54	31
40	110	61	35
40	111	33	33
40	112	70	34
40	113	29	50
40	114	50	58
40	115	37	50
40	116	68	53
40	117	67	50
40	118	58	50
40	119	67	34
40	120	32	32
41	1	1	11
41	2	30	22
41	3	69	18
41	4	0	0
41	5	0	0
41	6	20	11
41	7	14	21
41	8	.	.
41	9	86	0
41	10	7	29
41	11	62	16
41	12	77	13
41	13	88	24
41	14	34	12
41	15	4	13
41	16	6	18
41	17	0	12
41	18	63	18
41	19	24	13
41	20	0	13
41	21	8	27
41	22	83	14
41	23	4	24
41	24	95	6
41	25	25	7
41	26	92	20
41	27	58	12
41	28	16	10
41	29	91	6
41	30	95	14
41	31	5	13
41	32	70	5
41	33	93	0
41	34	24	8
41	35	8	25
41	36	5	21
41	37	6	11
41	38	4	36
41	39	61	28
41	40	9	2
41	41	59	0
41	42	19	13
41	43	.	.
41	44	0	9
41	45	24	5
41	46	66	38
41	47	66	6
41	48	28	11
41	49	3	10
41	50	74	10
41	51	5	5
41	52	89	7
41	53	4	31
41	54	61	8
41	55	17	8
41	56	90	13
41	57	12	8
41	58	61	56
41	59	12	10
41	60	15	22
41	61	59	25
41	62	6	13
41	63	74	25
41	64	8	68
41	65	8	21
41	66	9	24
41	67	0	8
41	68	.	.
41	69	6	83
41	70	74	13
41	71	8	63
41	72	14	19
41	73	21	8
41	74	7	10
41	75	26	9
41	76	70	6
41	77	6	19
41	78	75	13
41	79	6	15
41	80	19	8
41	81	8	7
41	82	39	4
41	83	81	7
41	84	8	10
41	85	85	4
41	86	85	22
41	87	10	11
41	88	6	6
41	89	7	15
41	90	64	9
41	91	82	17
41	92	76	23
41	93	62	24
41	94	96	6
41	95	6	14
41	96	89	23
41	97	6	7
41	98	18	37
41	99	7	4
41	100	90	57
41	101	4	25
41	102	29	5
41	103	74	8
41	104	5	8
41	105	15	11
41	106	78	15
41	107	62	41
41	108	85	9
41	109	5	8
41	110	63	54
41	111	96	12
41	112	4	0
41	113	6	16
41	114	9	75
41	115	10	8
41	116	8	70
41	117	10	13
41	118	5	34
41	119	9	28
41	120	3	25
42	1	32	12
42	2	91	11
42	3	24	12
42	4	0	14
42	5	18	9
42	6	69	79
42	7	78	65
42	8	88	21
42	9	12	12
42	10	100	68
42	11	68	16
42	12	90	28
42	13	72	16
42	14	7	87
42	15	97	75
42	16	100	88
42	17	70	67
42	18	0	97
42	19	80	85
42	20	92	77
42	21	95	22
42	22	91	81
42	23	90	90
42	24	88	93
42	25	71	19
42	26	83	21
42	27	17	47
42	28	67	21
42	29	42	27
42	30	97	15
42	31	69	75
42	32	78	72
42	33	.	.
42	34	83	33
42	35	15	65
42	36	76	58
42	37	19	75
42	38	64	21
42	39	68	66
42	40	67	72
42	41	82	21
42	42	14	82
42	43	.	.
42	44	.	.
42	45	79	32
42	46	88	73
42	47	34	75
42	48	69	76
42	49	67	70
42	50	67	61
42	51	78	77
42	52	35	71
42	53	79	73
42	54	15	61
42	55	10	50
42	56	82	21
42	57	65	50
42	58	76	71
42	59	8	50
42	60	95	63
42	61	.	.
42	62	72	50
42	63	68	62
42	64	87	73
42	65	79	69
42	66	78	50
42	67	43	84
42	68	21	87
42	69	.	.
42	70	77	50
42	71	76	50
42	72	77	82
42	73	9	76
42	74	.	.
42	75	72	74
42	76	68	80
42	77	.	.
42	78	89	70
42	79	77	75
42	80	83	69
42	81	.	.
42	82	87	70
42	83	100	62
42	84	21	87
42	85	86	76
42	86	100	84
42	87	0	89
42	88	85	88
42	89	82	74
42	90	78	81
42	91	87	81
42	92	32	80
42	93	8	90
42	94	81	79
42	95	73	71
42	96	12	75
42	97	.	.
42	98	77	84
42	99	80	94
42	100	82	88
42	101	9	21
42	102	83	69
42	103	81	40
42	104	11	36
42	105	21	77
42	106	58	81
42	107	21	81
42	108	.	.
42	109	.	.
42	110	.	.
42	111	81	35
42	112	72	21
42	113	32	27
42	114	.	.
42	115	.	.
42	116	74	66
42	117	.	.
42	118	.	.
42	119	.	.
42	120	24	72
44	1	18	38
44	2	14	60
44	3	21	16
44	4	40	66
44	5	17	57
44	6	41	53
44	7	37	71
44	8	29	34
44	9	7	25
44	10	20	49
44	11	31	65
44	12	26	40
44	13	29	62
44	14	20	42
44	15	32	61
44	16	64	34
44	17	45	53
44	18	24	52
44	19	.	.
44	20	39	59
44	21	.	.
44	22	43	28
44	23	.	.
44	24	31	57
44	25	31	61
44	26	57	64
44	27	52	65
44	28	.	.
44	29	32	58
44	30	23	39
44	31	66	47
44	32	62	32
44	33	35	59
44	34	.	.
44	35	.	.
44	36	33	67
44	37	.	.
44	38	34	55
44	39	63	59
44	40	59	25
44	41	37	57
44	42	30	59
44	43	31	76
44	44	63	35
44	45	61	30
44	46	.	.
44	47	50	27
44	48	39	47
44	49	45	45
44	50	32	28
44	51	29	39
44	52	29	60
44	53	24	64
44	54	30	27
44	55	24	23
44	56	.	.
44	57	.	.
44	58	33	28
44	59	51	53
44	60	58	39
44	61	23	52
44	62	40	55
44	63	32	33
44	64	39	62
44	65	31	53
44	66	26	63
44	67	35	69
44	68	41	33
44	69	26	35
44	70	20	34
44	71	.	.
44	72	53	34
44	73	31	26
44	74	31	46
44	75	33	64
44	76	19	71
44	77	10	64
44	78	16	58
44	79	76	59
44	80	50	44
44	81	10	36
44	82	17	39
44	83	21	39
44	84	55	57
44	85	22	17
44	86	24	37
44	87	53	57
44	88	.	.
44	89	31	36
44	90	.	.
44	91	.	.
44	92	50	31
44	93	18	32
44	94	17	37
44	95	19	35
44	96	.	.
44	97	24	32
44	98	56	29
44	99	58	31
44	100	61	31
44	101	.	.
44	102	.	.
44	103	18	33
44	104	22	35
44	105	26	25
44	106	20	52
44	107	54	69
44	108	0	64
44	109	.	.
44	110	22	30
44	111	15	52
44	112	14	32
44	113	28	55
44	114	65	69
44	115	22	29
44	116	.	.
44	117	.	.
44	118	27	66
44	119	63	53
44	120	.	.
45	1	11	70
45	2	70	80
45	3	.	.
45	4	100	86
45	5	69	24
45	6	66	100
45	7	.	.
45	8	86	81
45	9	76	30
45	10	70	0
45	11	.	.
45	12	100	95
45	13	.	.
45	14	65	20
45	15	80	60
45	16	85	76
45	17	.	.
45	18	75	30
45	19	15	16
45	20	66	29
45	21	78	36
45	22	100	67
45	23	15	77
45	24	.	.
45	25	67	30
45	26	100	94
45	27	.	.
45	28	100	100
45	29	91	95
45	30	.	.
45	31	.	.
45	32	31	70
45	33	100	92
45	34	76	97
45	35	.	.
45	36	.	.
45	37	23	62
45	38	70	12
45	39	30	21
45	40	.	.
45	41	68	73
45	42	70	72
45	43	86	90
45	44	10	60
45	45	35	50
45	46	24	75
45	47	80	30
45	48	30	25
45	49	82	75
45	50	35	90
45	51	92	89
45	52	.	.
45	53	29	29
45	54	66	76
45	55	.	.
45	56	24	20
45	57	.	.
45	58	72	72
45	59	66	38
45	60	32	29
45	61	98	26
45	62	61	75
45	63	.	.
45	64	80	80
45	65	23	65
45	66	0	50
45	67	.	.
45	68	.	.
45	69	27	19
45	70	.	.
45	71	100	100
45	72	18	94
45	73	95	82
45	74	.	.
45	75	81	21
45	76	75	0
45	77	40	61
45	78	91	0
45	79	51	0
45	80	64	0
45	81	76	81
45	82	100	86
45	83	85	31
45	84	14	66
45	85	0	61
45	86	.	.
45	87	100	89
45	88	98	86
45	89	73	100
45	90	.	.
45	91	100	100
45	92	.	.
45	93	83	100
45	94	0	89
45	95	.	.
45	96	100	29
45	97	95	74
45	98	16	95
45	99	100	77
45	100	.	.
45	101	.	.
45	102	100	75
45	103	29	0
45	104	21	83
45	105	4	0
45	106	66	18
45	107	78	20
45	108	.	.
45	109	.	.
45	110	68	75
45	111	14	69
45	112	68	70
45	113	.	.
45	114	24	27
45	115	34	79
45	116	35	84
45	117	.	.
45	118	69	33
45	119	85	79
45	120	75	72
45	121	.	.
45	122	34	18
45	123	67	29
45	124	29	34
46	1	87	91
46	2	92	92
46	3	70	82
46	4	92	74
46	5	85	73
46	6	92	96
46	7	.	.
46	8	86	87
46	9	.	.
46	10	91	90
46	11	73	70
46	12	91	36
46	13	83	67
46	14	86	59
46	15	64	66
46	16	61	87
46	17	57	72
46	18	63	85
46	19	100	78
46	20	87	77
46	21	35	75
46	22	92	82
46	23	95	91
46	24	85	75
46	25	65	75
46	26	93	96
46	27	91	90
46	28	100	76
46	29	100	86
46	30	83	76
46	31	100	78
46	32	.	.
46	33	100	100
46	34	84	89
46	35	86	100
46	36	100	92
46	37	93	100
46	38	37	72
46	39	76	84
46	40	4	90
46	41	0	76
46	42	86	70
46	43	100	82
46	44	100	81
46	45	19	90
46	46	92	86
46	47	93	88
46	48	72	90
46	49	22	79
46	50	89	76
46	51	76	72
46	52	26	76
46	53	69	76
46	54	72	83
46	55	100	88
46	56	45	76
46	57	90	67
46	58	79	84
46	59	86	86
46	60	13	89
46	61	74	92
46	62	18	76
46	63	58	76
46	64	77	80
46	65	78	76
46	66	83	92
46	67	77	91
46	68	0	87
46	69	.	.
46	70	70	81
46	71	61	94
46	72	86	94
46	73	76	95
46	74	79	100
46	75	84	95
46	76	81	98
46	77	81	92
46	78	.	.
46	79	74	93
46	80	74	96
46	81	100	92
46	82	60	91
46	83	39	97
46	84	73	98
46	85	100	96
46	86	70	95
46	87	.	.
46	88	75	95
46	89	26	85
46	90	74	89
46	91	69	85
46	92	33	90
46	93	83	85
46	94	15	86
46	95	76	88
46	96	93	87
46	97	59	89
46	98	61	89
46	99	.	.
46	100	92	94
46	101	75	94
46	102	.	.
46	103	73	94
46	104	84	100
46	105	16	96
46	106	79	99
46	107	71	100
46	108	78	95
46	109	65	100
46	110	67	94
46	111	64	96
46	112	82	100
46	113	67	92
46	114	63	92
46	115	34	91
46	116	71	98
46	117	79	96
46	118	66	87
46	119	85	94
46	120	.	.
47	1	21	19
47	2	72	62
47	3	74	62
47	4	.	.
47	5	70	64
47	6	81	77
47	7	66	79
47	8	76	34
47	9	26	36
47	10	23	39
47	11	79	28
47	12	75	30
47	13	29	40
47	14	26	32
47	15	75	74
47	16	69	100
47	17	31	43
47	18	35	68
47	19	30	31
47	20	73	30
47	21	32	32
47	22	38	31
47	23	65	39
47	24	87	40
47	25	43	33
47	26	24	37
47	27	81	29
47	28	77	33
47	29	24	68
47	30	37	34
47	31	80	33
47	32	.	.
47	33	34	70
47	34	39	71
47	35	36	34
47	36	89	36
47	37	25	50
47	38	38	33
47	39	30	50
47	40	66	34
47	41	38	36
47	42	39	35
47	43	68	35
47	44	68	33
47	45	31	43
47	46	31	39
47	47	21	34
47	48	23	36
47	49	31	38
47	50	34	36
47	51	76	71
47	52	.	.
47	53	.	.
47	54	35	31
47	55	74	68
47	56	66	32
47	57	31	31
47	58	.	.
47	59	31	29
47	60	80	33
47	61	30	40
47	62	37	34
47	63	34	65
47	64	.	.
47	65	23	29
47	66	37	35
47	67	29	40
47	68	63	32
47	69	27	42
47	70	44	31
47	71	30	33
47	72	69	33
47	73	31	31
47	74	.	.
47	75	58	30
47	76	.	.
47	77	29	28
47	78	29	35
47	79	.	.
47	80	74	36
47	81	33	38
47	82	29	35
47	83	62	60
47	84	63	39
47	85	33	39
47	86	57	71
47	87	38	66
47	88	.	.
47	89	31	35
47	90	.	.
47	91	.	.
47	92	36	75
47	93	37	23
47	94	65	37
47	95	22	22
47	96	75	65
47	97	31	23
47	98	33	18
47	99	.	.
47	100	.	.
47	101	.	.
47	102	.	.
47	103	.	.
47	104	.	.
47	105	.	.
47	106	.	.
47	107	76	74
47	108	69	33
47	109	32	32
47	110	35	68
47	111	.	.
47	112	.	.
47	113	17	33
47	114	26	50
47	115	68	73
47	116	69	66
47	117	29	34
47	118	69	71
47	119	32	32
47	120	59	63
48	1	26	100
48	2	59	100
48	3	23	0
48	4	40	11
48	5	55	30
48	6	24	21
48	7	60	23
48	8	50	55
48	9	29	59
48	10	43	73
48	11	43	66
48	12	22	76
48	13	16	76
48	14	63	100
48	15	33	100
48	16	25	95
48	17	63	98
48	18	64	100
48	19	71	100
48	20	64	100
48	21	13	66
48	22	0	70
48	23	7	67
48	24	20	40
48	25	5	81
48	26	.	.
48	27	22	83
48	28	30	85
48	29	10	66
48	30	60	30
48	31	16	30
48	32	23	20
48	33	19	23
48	34	36	22
48	35	.	.
48	36	55	39
48	37	37	27
48	38	64	70
48	39	61	44
48	40	.	.
48	41	.	.
48	42	.	.
48	43	64	66
48	44	27	71
48	45	33	34
48	46	63	67
48	47	50	74
48	48	27	39
48	49	27	63
48	50	37	70
48	51	68	37
48	52	63	35
48	53	28	64
48	54	29	66
48	55	25	45
48	56	28	68
48	57	66	78
48	58	50	76
48	59	.	.
48	60	65	20
48	61	.	.
48	62	68	27
48	63	65	17
48	64	73	24
48	65	28	28
48	66	36	66
48	67	31	29
48	68	62	27
48	69	.	.
48	70	.	.
48	71	35	17
48	72	38	24
48	73	.	.
48	74	28	25
48	75	70	22
48	76	70	40
48	77	69	59
48	78	71	61
48	79	.	.
48	80	63	24
48	81	28	42
48	82	31	65
48	83	66	22
48	84	69	51
48	85	22	68
48	86	.	.
48	87	29	52
48	88	68	62
48	89	.	.
48	90	63	32
48	91	72	20
48	92	70	15
48	93	61	22
48	94	28	22
48	95	.	.
48	96	74	68
48	97	.	.
48	98	19	82
48	99	67	76
48	100	50	67
48	101	39	23
48	102	33	41
48	103	.	.
48	104	69	22
48	105	20	23
48	106	71	31
48	107	.	.
48	108	67	22
48	109	21	43
48	110	28	20
48	111	25	76
48	112	66	31
48	113	.	.
48	114	71	22
48	115	62	25
48	116	63	23
48	117	69	21
48	118	38	16
48	119	69	75
48	120	28	75
48	121	73	78
48	122	74	39
48	123	27	74
48	124	75	100
49	1	.	.
49	2	20	11
49	3	18	19
49	4	37	69
49	5	.	.
49	6	29	25
49	7	24	26
49	8	21	21
49	9	.	.
49	10	14	24
49	11	.	.
49	12	14	10
49	13	21	25
49	14	66	28
49	15	51	56
49	16	17	50
49	17	50	50
49	18	65	24
49	19	31	13
49	20	30	30
49	21	50	50
49	22	30	26
49	23	.	.
49	24	19	17
49	25	.	.
49	26	19	17
49	27	31	41
49	28	28	28
49	29	21	50
49	30	22	27
49	31	21	21
49	32	50	22
49	33	50	50
49	34	.	.
49	35	69	65
49	36	50	13
49	37	50	50
49	38	50	20
49	39	19	50
49	40	57	32
49	41	11	29
49	42	21	17
49	43	55	26
49	44	59	21
49	45	50	22
49	46	24	24
49	47	50	27
49	48	19	61
49	49	.	.
49	50	50	50
49	51	.	.
49	52	50	57
49	53	.	.
49	54	.	.
49	55	28	69
49	56	50	56
49	57	.	.
49	58	14	26
49	59	32	28
49	60	32	61
49	61	24	25
49	62	28	24
49	63	21	27
49	64	.	.
49	65	.	.
49	66	.	.
49	67	.	.
49	68	30	35
49	69	18	16
49	70	50	50
49	71	35	27
49	72	30	29
49	73	25	24
49	74	50	61
49	75	25	23
49	76	21	18
49	77	18	23
49	78	66	29
49	79	.	.
49	80	.	.
49	81	.	.
49	82	27	27
49	83	26	25
49	84	61	29
49	85	.	.
49	86	.	.
49	87	23	26
49	88	50	32
49	89	16	21
49	90	31	27
49	91	68	25
49	92	26	26
49	93	30	30
49	94	29	28
49	95	24	32
49	96	.	.
49	97	33	36
49	98	.	.
49	99	27	28
49	100	.	.
49	101	26	24
49	102	.	.
49	103	32	36
49	104	20	27
49	105	27	19
49	106	27	71
49	107	29	69
49	108	31	71
49	109	26	29
49	110	24	28
49	111	23	64
49	112	24	62
49	113	28	27
49	114	31	28
49	115	55	25
49	116	31	28
49	117	26	23
49	118	74	31
49	119	50	48
49	120	23	25
52	1	89	21
52	2	80	10
52	3	92	23
52	4	31	21
52	5	67	73
52	6	75	74
52	7	78	24
52	8	74	24
52	9	50	57
52	10	89	68
52	11	85	76
52	12	67	10
52	13	78	8
52	14	80	24
52	15	30	7
52	16	18	76
52	17	74	23
52	18	.	.
52	19	25	24
52	20	74	29
52	21	75	72
52	22	28	18
52	23	81	17
52	24	72	21
52	25	77	23
52	26	60	6
52	27	38	12
52	28	75	77
52	29	72	15
52	30	78	22
52	31	.	.
52	32	68	26
52	33	77	65
52	34	73	7
52	35	69	13
52	36	77	3
52	37	67	17
52	38	22	12
52	39	78	26
52	40	73	14
52	41	74	11
52	42	72	15
52	43	77	10
52	44	78	12
52	45	78	8
52	46	76	14
52	47	13	8
52	48	79	17
52	49	76	71
52	50	71	22
52	51	76	13
52	52	75	11
52	53	78	18
52	54	.	.
52	55	80	17
52	56	73	23
52	57	63	11
52	58	72	23
52	59	86	69
52	60	69	11
52	61	78	61
52	62	69	22
52	63	67	15
52	64	28	10
52	65	64	23
52	66	62	15
52	67	.	.
52	68	70	16
52	69	72	16
52	70	64	16
52	71	73	13
52	72	76	11
52	73	77	10
52	74	66	14
52	75	74	13
52	76	79	21
52	77	74	16
52	78	76	11
52	79	71	14
52	80	78	20
52	81	77	15
52	82	83	16
52	83	.	.
52	84	81	74
52	85	80	21
52	86	68	24
52	87	71	74
52	88	76	18
53	1	20	80
53	2	60	40
53	3	.	.
53	4	60	25
53	5	0	25
53	6	20	30
53	7	35	60
53	8	55	75
53	9	30	60
53	10	60	65
53	11	.	.
53	12	65	50
53	13	30	60
53	14	70	60
53	15	.	.
53	16	30	40
53	17	40	60
53	18	40	60
53	19	30	40
53	20	56	55
53	21	15	65
53	22	0	85
53	23	85	65
53	24	0	65
53	25	40	65
53	26	25	39
53	27	.	.
53	28	4	35
53	29	20	35
53	30	15	20
53	31	0	41
53	32	20	28
53	33	25	35
53	34	.	.
53	35	29	30
53	36	0	61
53	37	0	66
53	38	.	.
53	39	65	38
53	40	65	59
53	41	39	29
53	42	35	35
53	43	.	.
53	44	13	65
53	45	16	38
53	46	.	.
53	47	.	.
53	48	34	62
53	49	31	50
53	50	39	42
53	51	.	.
53	52	61	56
53	53	35	40
53	54	31	41
53	55	67	37
53	56	61	30
53	57	26	37
53	58	68	40
53	59	59	57
53	60	18	31
53	61	44	67
53	62	25	65
53	63	.	.
53	64	38	66
53	65	.	.
53	66	37	34
53	67	71	35
53	68	37	65
53	69	42	38
53	70	33	37
53	71	67	65
53	72	64	50
53	73	.	.
53	74	74	78
53	75	39	38
53	76	34	31
53	77	74	59
53	78	77	83
53	79	84	79
53	80	90	78
53	81	44	72
53	82	65	69
53	83	.	.
53	84	69	78
53	85	63	81
53	86	72	71
53	87	.	.
53	88	35	72
53	89	60	67
53	90	60	44
53	91	33	33
53	92	.	.
53	93	34	32
53	94	.	.
53	95	59	62
53	96	37	23
53	97	69	39
53	98	66	53
53	99	65	40
53	100	62	44
53	101	70	41
53	102	.	.
53	103	62	40
53	104	.	.
53	105	40	44
53	106	28	33
53	107	40	37
53	108	31	62
53	109	32	42
53	110	69	60
53	111	39	41
53	112	76	57
53	113	61	37
53	114	34	28
53	115	36	66
53	116	.	.
53	117	45	34
53	118	.	.
53	119	42	37
53	120	61	64
56	1	24	0
56	2	.	.
56	3	81	74
56	4	.	.
56	5	100	0
56	6	82	3
56	7	12	18
56	8	81	85
56	9	0	74
56	10	74	0
56	11	75	25
56	12	80	88
56	13	78	75
56	14	71	0
56	15	72	27
56	16	32	100
56	17	23	18
56	18	31	0
56	19	73	73
56	20	81	16
56	21	74	0
56	22	72	84
56	23	79	23
56	24	58	74
56	25	77	31
56	26	78	18
56	27	.	.
56	28	6	19
56	29	15	5
56	30	.	.
56	31	100	0
56	32	31	66
56	33	.	.
56	34	78	32
56	35	64	33
56	36	76	79
56	37	96	0
56	38	70	79
56	39	31	25
56	40	33	61
56	41	67	23
56	42	26	69
56	43	.	.
56	44	70	32
56	45	.	.
56	46	74	32
56	47	64	27
56	48	79	15
56	49	81	69
56	50	86	72
56	51	85	80
56	52	72	86
56	53	72	57
56	54	92	25
56	55	35	13
56	56	1	1
56	57	80	93
56	58	85	10
56	59	28	75
56	60	85	77
56	61	69	76
56	62	.	.
56	63	84	30
56	64	.	.
56	65	.	.
56	66	76	80
56	67	.	.
56	68	77	17
56	69	86	79
56	70	100	5
56	71	88	80
56	72	81	76
56	73	89	4
56	74	.	.
56	75	94	6
56	76	80	30
56	77	83	7
56	78	27	19
56	79	99	0
56	80	1	22
56	81	83	85
56	82	17	23
56	83	.	.
56	84	76	10
56	85	80	22
56	86	.	.
56	87	.	.
56	88	19	16
56	89	99	5
56	90	93	4
56	91	95	8
56	92	.	.
56	93	16	1
56	94	96	2
56	95	31	86
56	96	19	78
56	97	64	14
56	98	100	73
56	99	79	97
56	100	76	78
56	101	76	18
56	102	.	.
56	103	.	.
56	104	81	74
56	105	.	.
56	106	31	83
56	107	85	76
56	108	71	57
56	109	85	17
56	110	19	80
56	111	24	31
56	112	13	86
56	113	78	29
56	114	80	83
56	115	.	.
56	116	80	14
56	117	2	83
56	118	77	27
56	119	.	.
56	120	.	.
56	121	20	88
56	122	84	82
56	123	.	.
56	124	.	.
57	1	50	50
57	2	50	6
57	3	0	61
57	4	50	50
57	5	50	50
57	6	73	50
57	7	50	50
57	8	.	.
57	9	.	.
57	10	50	50
57	11	50	70
57	12	30	85
57	13	15	75
57	14	50	82
57	15	100	100
57	16	50	83
57	17	20	79
57	18	61	75
57	19	50	97
57	20	0	100
57	21	0	83
57	22	15	97
57	23	50	80
57	24	50	84
57	25	13	100
57	26	7	90
57	27	50	30
57	28	.	.
57	29	0	50
57	30	6	66
57	31	15	19
57	32	0	65
57	33	.	.
57	34	50	50
57	35	11	16
57	36	50	11
57	37	0	57
57	38	0	62
57	39	0	22
57	40	0	59
57	41	.	.
57	42	0	42
57	43	.	.
57	44	50	66
57	45	0	30
57	46	70	50
57	47	.	.
57	48	.	.
57	49	0	31
57	50	.	.
57	51	50	50
57	52	21	50
57	53	0	1
57	54	.	.
57	55	62	61
57	56	2	40
57	57	3	35
57	58	0	0
57	59	20	0
57	60	27	3
57	61	8	11
57	62	61	0
57	63	31	5
57	64	80	0
57	65	.	.
57	66	0	2
57	67	0	0
57	68	10	6
57	69	.	.
57	70	.	.
57	71	6	0
57	72	.	.
57	73	.	.
57	74	25	0
57	75	.	.
57	76	.	.
57	77	8	1
57	78	.	.
57	79	15	72
57	80	.	.
57	81	0	62
57	82	95	69
57	83	67	83
57	84	21	78
57	85	0	0
57	86	.	.
57	87	11	0
57	88	100	29
57	89	.	.
57	90	0	70
57	91	.	.
57	92	64	74
57	93	0	0
57	94	0	72
57	95	0	71
57	96	.	.
57	97	0	89
57	98	0	81
57	99	23	79
57	100	79	0
57	101	0	0
57	102	22	76
57	103	0	58
57	104	30	76
57	105	.	.
57	106	28	77
57	107	73	68
57	108	12	62
57	109	6	41
57	110	9	100
57	111	0	0
57	112	0	28
57	113	.	.
57	114	0	6
57	115	0	0
57	116	.	.
57	117	18	17
57	118	3	12
57	119	.	.
57	120	1	0
58	1	59	49
58	2	70	41
58	3	29	35
58	4	75	75
58	5	32	56
58	6	74	81
58	7	76	67
58	8	77	57
58	9	53	21
58	10	36	80
58	11	19	52
58	12	20	71
58	13	69	14
58	14	.	.
58	15	.	.
58	16	60	79
58	17	31	31
58	18	25	31
58	19	60	34
58	20	58	50
58	21	67	29
58	22	62	30
58	23	23	41
58	24	28	65
58	25	69	34
58	26	33	23
58	27	23	71
58	28	29	34
58	29	24	39
58	30	36	19
58	31	.	.
58	32	30	8
58	33	30	56
58	34	34	62
58	35	72	27
58	36	73	50
58	37	23	17
58	38	54	21
58	39	30	38
58	40	20	33
58	41	35	36
58	42	28	37
58	43	18	42
58	44	73	64
58	45	31	15
58	46	.	.
58	47	28	24
58	48	18	11
58	49	39	40
58	50	.	.
58	51	26	33
58	52	87	78
58	53	69	60
58	54	67	62
58	55	48	80
58	56	70	37
58	57	22	71
58	58	.	.
58	59	34	35
58	60	.	.
58	61	29	80
58	62	72	70
58	63	39	51
58	64	63	37
58	65	36	42
58	66	68	66
58	67	26	70
58	68	80	22
58	69	65	33
58	70	.	.
58	71	33	41
58	72	76	66
58	73	27	30
58	74	.	.
58	75	68	31
58	76	13	36
58	77	27	9
58	78	.	.
58	79	31	25
58	80	34	7
58	81	.	.
58	82	.	.
58	83	64	90
58	84	.	.
58	85	25	78
58	86	65	85
58	87	17	32
58	88	81	69
58	89	19	55
58	90	83	73
58	91	29	51
58	92	.	.
58	93	30	64
58	94	71	78
58	95	69	67
58	96	73	69
58	97	.	.
58	98	21	26
58	99	53	64
58	100	67	69
58	101	.	.
58	102	56	21
58	103	41	33
58	104	80	61
58	105	.	.
58	106	.	.
58	107	46	30
58	108	.	.
58	109	25	32
58	110	74	62
58	111	.	.
58	112	55	17
58	113	.	.
58	114	83	34
58	115	61	30
58	116	29	28
58	117	48	33
58	118	.	.
58	119	.	.
58	120	.	.
59	1	8	64
59	2	0	6
59	3	0	50
59	4	7	21
59	5	0	69
59	6	86	19
59	7	0	22
59	8	0	68
59	9	9	57
59	10	65	18
59	11	0	56
59	12	14	20
59	13	.	.
59	14	13	19
59	15	85	11
59	16	31	10
59	17	.	.
59	18	0	12
59	19	.	.
59	20	.	.
59	21	8	17
59	22	84	84
59	23	50	17
59	24	72	11
59	25	20	13
59	26	90	26
59	27	5	20
59	28	14	16
59	29	.	.
59	30	28	18
59	31	.	.
59	32	82	60
59	33	88	7
59	34	.	.
59	35	17	62
59	36	24	7
59	37	80	10
59	38	76	12
59	39	.	.
59	40	89	15
59	41	27	16
59	42	14	9
59	43	88	17
59	44	74	11
59	45	12	18
59	46	8	38
59	47	18	10
59	48	50	14
59	49	81	27
59	50	20	29
59	51	69	30
59	52	60	18
59	53	56	11
59	54	.	.
59	55	.	.
59	56	97	53
59	57	.	.
59	58	95	13
59	59	90	20
59	60	.	.
59	61	65	37
59	62	10	60
59	63	.	.
59	64	66	58
59	65	16	72
59	66	7	76
59	67	.	.
59	68	74	72
59	69	74	57
59	70	70	22
59	71	.	.
59	72	69	18
59	73	79	15
59	74	.	.
59	75	74	15
59	76	23	18
59	77	65	16
59	78	77	18
59	79	73	39
59	80	29	18
59	81	76	27
59	82	36	7
59	83	57	31
59	84	33	24
59	85	68	22
59	86	9	17
59	87	31	55
59	88	76	37
59	89	67	18
59	90	26	34
59	91	.	.
59	92	25	9
59	93	24	17
59	94	63	45
59	95	79	21
59	96	.	.
59	97	.	.
59	98	65	17
59	99	72	62
59	100	64	54
59	101	70	26
59	102	72	29
59	103	83	21
59	104	74	24
59	105	.	.
59	106	.	.
59	107	.	.
59	108	.	.
59	109	71	17
59	110	65	31
59	111	70	19
59	112	.	.
59	113	76	16
59	114	63	16
59	115	57	3
59	116	.	.
59	117	69	12
59	118	14	29
59	119	76	17
59	120	.	.
59	121	11	11
59	122	72	16
59	123	.	.
59	124	.	.
60	1	75	80
60	2	0	50
60	3	23	71
60	4	67	77
60	5	22	79
60	6	72	70
60	7	.	.
60	8	27	76
60	9	26	32
60	10	24	24
60	11	19	19
60	12	28	16
60	13	83	30
60	14	20	71
60	15	17	64
60	16	80	89
60	17	23	82
60	18	32	81
60	19	24	76
60	20	.	.
60	21	77	75
60	22	24	100
60	23	76	94
60	24	86	83
60	25	80	26
60	26	1	81
60	27	26	83
60	28	.	.
60	29	89	79
60	30	71	86
60	31	13	11
60	32	23	82
60	33	86	73
60	34	14	64
60	35	13	9
60	36	12	8
60	37	34	75
60	38	12	31
60	39	76	12
60	40	22	24
60	41	.	.
60	42	13	80
60	43	79	92
60	44	12	15
60	45	86	100
60	46	88	98
60	47	21	50
60	48	.	.
60	49	32	84
60	50	11	20
60	51	18	93
60	52	83	82
60	53	.	.
60	54	16	16
60	55	19	77
60	56	15	74
60	57	78	78
60	58	23	50
60	59	.	.
60	60	20	88
60	61	.	.
60	62	.	.
60	63	.	.
60	64	21	86
60	65	18	96
60	66	22	80
60	67	.	.
60	68	22	81
60	69	35	71
60	70	29	85
60	71	16	75
60	72	25	77
60	73	24	82
60	74	12	77
60	75	.	.
60	76	74	100
60	77	20	76
60	78	21	100
60	79	.	.
60	80	10	81
60	81	22	72
60	82	14	86
60	83	78	80
60	84	31	79
60	85	20	80
60	86	16	87
60	87	.	.
60	88	30	25
60	89	22	21
60	90	74	100
60	91	.	.
60	92	25	84
60	93	75	70
60	94	.	.
60	95	23	83
60	96	15	21
60	97	.	.
60	98	26	24
60	99	.	.
60	100	29	80
60	101	33	83
60	102	30	73
60	103	.	.
60	104	.	.
60	105	.	.
60	106	73	86
60	107	.	.
60	108	20	97
60	109	80	89
60	110	14	18
60	111	.	.
60	112	76	83
60	113	77	88
60	114	26	82
60	115	24	75
60	116	.	.
60	117	75	78
60	118	.	.
60	119	17	89
60	120	.	.
60	121	.	.
60	122	76	21
60	123	.	.
60	124	.	.
61	1	0	0
61	2	0	22
61	3	0	16
61	4	0	6
61	5	0	56
61	6	68	16
61	7	62	71
61	8	0	60
61	9	0	13
61	10	65	29
61	11	0	0
61	12	0	0
61	13	0	0
61	14	65	61
61	15	61	21
61	16	72	30
61	17	0	1
61	18	0	0
61	19	0	68
61	20	0	77
61	21	74	0
61	22	29	0
61	23	20	0
61	24	0	0
61	25	0	60
61	26	0	0
61	27	0	0
61	28	0	0
61	29	0	70
61	30	0	0
61	31	61	34
61	32	0	0
61	33	47	0
61	34	65	65
61	35	0	59
61	36	1	77
61	37	0	69
61	38	0	0
61	39	57	0
61	40	62	0
61	41	.	.
61	42	50	92
61	43	100	1
61	44	0	0
61	45	0	0
61	46	50	0
61	47	.	.
61	48	0	74
61	49	50	0
61	50	56	0
61	51	.	.
61	52	0	0
61	53	50	68
61	54	0	65
61	55	0	69
61	56	0	31
61	57	0	69
61	58	71	0
61	59	84	80
61	60	71	78
61	61	15	87
61	62	78	69
61	63	59	72
61	64	0	72
61	65	0	0
61	66	0	62
61	67	64	64
61	68	50	0
61	69	0	0
61	70	0	0
61	71	0	0
61	72	26	0
61	73	0	0
61	74	0	0
61	75	.	.
61	76	0	0
61	77	0	0
61	78	0	73
61	79	0	76
61	80	0	77
61	81	0	73
61	82	100	68
61	83	99	71
61	84	0	79
61	85	66	73
61	86	100	78
61	87	31	72
61	88	0	64
61	89	100	89
61	90	0	68
61	91	73	21
61	92	33	70
61	93	77	55
61	94	0	0
61	95	87	0
61	96	75	64
61	97	0	0
61	98	69	0
61	99	0	0
61	100	0	0
61	101	0	0
61	102	0	0
61	103	0	0
61	104	0	0
61	105	0	68
61	106	0	75
61	107	0	0
61	108	0	0
61	109	0	20
61	110	0	63
61	111	0	74
61	112	0	0
61	113	0	0
61	114	0	0
61	115	0	74
61	116	0	68
61	117	0	61
61	118	0	77
61	119	14	0
61	120	0	0
61	121	0	0
61	122	.	.
61	123	.	.
61	124	.	.
62	1	.	.
62	2	64	35
62	3	41	13
62	4	68	19
62	5	58	54
62	6	.	.
62	7	33	19
62	8	26	50
62	9	64	47
62	10	6	19
62	11	.	.
62	12	62	13
62	13	22	18
62	14	66	23
62	15	18	15
62	16	22	19
62	17	66	34
62	18	19	30
62	19	13	13
62	20	65	0
62	21	.	.
62	22	63	46
62	23	64	23
62	24	36	38
62	25	78	62
62	26	28	23
62	27	70	24
62	28	.	.
62	29	67	33
62	30	33	10
62	31	42	14
62	32	66	12
62	33	78	19
62	34	71	15
62	35	70	23
62	36	79	79
62	37	69	42
62	38	75	64
62	39	22	22
62	40	54	60
62	41	75	73
62	42	.	.
62	43	.	.
62	44	68	60
62	45	68	62
62	46	73	52
62	47	75	64
62	48	77	42
62	49	.	.
62	50	76	32
62	51	63	56
62	52	81	37
62	53	31	67
62	54	74	64
62	55	64	57
62	56	82	48
62	57	.	.
62	58	.	.
62	59	66	13
62	60	33	31
62	61	56	21
62	62	.	.
62	63	.	.
62	64	80	58
62	65	71	56
62	66	26	9
62	67	18	19
62	68	.	.
62	69	16	34
62	70	23	80
62	71	2	38
62	72	39	17
62	73	37	66
62	74	12	50
62	75	.	.
62	76	76	18
62	77	59	17
62	78	.	.
62	79	73	66
62	80	57	22
62	81	76	17
62	82	.	.
62	83	59	14
62	84	.	.
62	85	56	12
62	86	21	23
62	87	24	19
62	88	77	3
62	89	11	9
62	90	.	.
62	91	.	.
62	92	47	13
62	93	59	11
62	94	25	9
62	95	82	13
62	96	76	10
62	97	86	11
62	98	22	37
62	99	16	33
62	100	75	39
62	101	81	32
62	102	9	31
62	103	74	29
62	104	49	72
62	105	68	57
62	106	18	34
62	107	27	31
62	108	71	51
62	109	29	34
62	110	77	32
62	111	77	60
62	112	.	.
62	113	85	30
62	114	77	23
62	115	5	60
62	116	63	13
62	117	31	33
62	118	77	16
62	119	84	7
62	120	75	25
62	121	63	15
62	122	64	13
62	123	2	26
62	124	.	.
62	125	31	38
62	126	83	31
62	127	.	.
62	128	.	.
63	1	80	60
63	2	100	56
63	3	100	70
63	4	80	10
63	5	.	.
63	6	40	20
63	7	.	.
63	8	76	0
63	9	83	0
63	10	92	0
63	11	87	30
63	12	.	.
63	13	100	55
63	14	20	25
63	15	92	70
63	16	.	.
63	17	97	65
63	18	95	65
63	19	100	59
63	20	100	70
63	21	90	68
63	22	100	80
63	23	65	90
63	24	.	.
63	25	.	.
63	26	21	35
63	27	76	65
63	28	90	70
63	29	100	83
63	30	100	64
63	31	20	64
63	32	91	20
63	33	90	24
63	34	.	.
63	35	100	61
63	36	100	23
63	37	91	85
63	38	84	62
63	39	30	65
63	40	.	.
63	41	91	87
63	42	.	.
63	43	71	0
63	44	69	15
63	45	92	65
63	46	97	73
63	47	100	74
63	48	58	76
63	49	100	70
63	50	100	58
63	51	100	92
63	52	20	91
63	53	10	30
63	54	86	43
63	55	100	67
63	56	94	64
63	57	100	60
63	58	100	58
63	59	26	61
63	60	78	57
63	61	73	79
63	62	27	65
63	63	14	62
63	64	.	.
63	65	15	61
63	66	74	91
63	67	.	.
63	68	78	69
63	69	96	85
63	70	88	70
63	71	60	70
63	72	75	71
63	73	100	80
63	74	20	70
63	75	10	35
63	76	20	65
63	77	100	74
63	78	15	80
63	79	70	20
63	80	20	55
63	81	88	57
63	82	83	71
63	83	10	70
63	84	0	100
63	85	7	100
63	86	84	65
63	87	100	63
63	88	100	69
63	89	96	85
63	90	95	78
63	91	8	86
63	92	100	86
63	93	100	95
63	94	91	100
63	95	59	70
63	96	93	60
63	97	100	60
63	98	80	93
63	99	20	85
63	100	95	100
63	101	100	100
63	102	95	100
63	103	95	100
63	104	100	20
63	105	100	74
63	106	23	27
63	107	0	67
63	108	67	57
63	109	95	70
63	110	.	.
63	111	10	69
63	112	100	91
63	113	100	61
63	114	100	56
63	115	.	.
63	116	35	27
63	117	100	61
63	118	75	62
63	119	15	58
63	120	29	0
63	121	35	19
63	122	5	61
63	123	94	20
63	124	91	64
63	125	100	90
63	126	.	.
63	127	.	.
63	128	.	.
64	1	.	.
64	2	82	23
64	3	64	69
64	4	.	.
64	5	19	79
64	6	60	66
64	7	76	86
64	8	66	38
64	9	0	63
64	10	89	89
64	11	20	69
64	12	25	74
64	13	79	87
64	14	8	77
64	15	10	65
64	16	38	68
64	17	68	81
64	18	67	74
64	19	23	73
64	20	9	62
64	21	69	60
64	22	69	71
64	23	43	85
64	24	88	89
64	25	64	73
64	26	70	68
64	27	26	76
64	28	.	.
64	29	.	.
64	30	25	76
64	31	93	91
64	32	11	79
64	33	65	64
64	34	84	0
64	35	.	.
64	36	11	68
64	37	34	87
64	38	70	75
64	39	59	68
64	40	61	82
64	41	.	.
64	42	50	72
64	43	73	86
64	44	21	87
64	45	90	80
64	46	33	71
64	47	69	68
64	48	32	64
64	49	14	61
64	50	.	.
64	51	81	81
64	52	68	78
64	53	19	55
64	54	32	59
64	55	0	57
64	56	20	17
64	57	16	53
64	58	27	57
64	59	68	62
64	60	71	56
64	61	13	21
64	62	23	0
64	63	.	.
64	64	11	61
64	65	10	61
64	66	.	.
64	67	64	86
64	68	19	73
64	69	.	.
64	70	13	61
64	71	58	88
64	72	12	77
64	73	25	56
64	74	9	50
64	75	26	74
64	76	.	.
64	77	.	.
64	78	64	32
64	79	57	58
64	80	30	65
64	81	10	71
64	82	6	70
64	83	60	57
64	84	59	41
64	85	11	56
64	86	.	.
64	87	65	69
64	88	90	77
64	89	74	68
64	90	31	71
64	91	16	69
64	92	14	83
64	93	87	76
64	94	62	75
64	95	79	69
64	96	89	83
64	97	73	95
64	98	.	.
64	99	94	68
64	100	.	.
64	101	71	83
64	102	30	66
64	103	.	.
64	104	79	71
64	105	73	74
64	106	.	.
64	107	.	.
64	108	63	79
64	109	.	.
64	110	24	82
64	111	50	95
64	112	30	80
64	113	70	85
64	114	15	56
64	115	57	65
64	116	67	85
64	117	28	37
64	118	.	.
64	119	.	.
64	120	.	.
64	121	88	86
64	122	89	43
64	123	.	.
64	124	.	.
65	1	25	17
65	2	22	0
65	3	.	.
65	4	68	75
65	5	20	77
65	6	70	78
65	7	12	72
65	8	.	.
65	9	89	62
65	10	87	86
65	11	19	78
65	12	74	85
65	13	79	83
65	14	19	89
65	15	76	24
65	16	23	76
65	17	.	.
65	18	.	.
65	19	.	.
65	20	17	17
65	21	11	12
65	22	100	50
65	23	78	20
65	24	16	22
65	25	19	78
65	26	16	19
65	27	21	21
65	28	77	24
65	29	.	.
65	30	.	.
65	31	18	77
65	32	23	26
65	33	24	23
65	34	19	22
65	35	16	18
65	36	11	30
65	37	13	16
65	38	.	.
65	39	12	16
65	40	21	14
65	41	16	12
65	42	26	71
65	43	5	27
65	44	20	20
65	45	11	18
65	46	.	.
65	47	.	.
65	48	23	9
65	49	14	26
65	50	24	8
65	51	87	11
65	52	23	75
65	53	16	73
65	54	20	18
65	55	.	.
65	56	24	79
65	57	25	26
65	58	.	.
65	59	85	20
65	60	29	20
65	61	22	80
65	62	70	24
65	63	67	24
65	64	62	16
65	65	27	13
65	66	22	19
65	67	.	.
65	68	.	.
65	69	93	81
65	70	20	77
65	71	77	75
65	72	23	86
65	73	17	84
65	74	68	85
65	75	17	15
65	76	16	23
65	77	75	80
65	78	22	25
65	79	28	81
65	80	23	21
65	81	21	28
65	82	22	20
65	83	32	32
65	84	29	21
65	85	26	20
65	86	70	67
65	87	.	.
65	88	25	96
65	89	32	25
65	90	23	33
65	91	.	.
65	92	.	.
65	93	.	.
65	94	.	.
65	95	.	.
65	96	.	.
65	97	.	.
65	98	79	19
65	99	25	25
65	100	27	26
65	101	13	18
65	102	72	96
65	103	21	87
65	104	70	73
65	105	22	78
65	106	22	75
65	107	20	27
65	108	.	.
65	109	21	28
65	110	16	17
65	111	21	22
65	112	20	23
65	113	25	20
65	114	27	84
65	115	15	19
65	116	73	19
65	117	18	12
65	118	93	60
65	119	25	18
65	120	21	25
65	121	.	.
65	122	18	16
65	123	.	.
65	124	.	.
71	1	57	83
71	2	27	100
71	3	0	71
71	4	0	100
71	5	0	75
71	6	0	65
71	7	0	60
71	8	0	60
71	9	0	100
71	10	20	100
71	11	0	50
71	12	50	32
71	13	.	.
71	14	.	.
71	15	.	.
71	16	0	83
71	17	33	100
71	18	10	70
71	19	0	70
71	20	0	75
71	21	.	.
71	22	3	73
71	23	.	.
71	24	0	100
71	25	19	34
71	26	.	.
71	27	17	60
71	28	0	81
71	29	0	69
71	30	42	78
71	31	0	83
71	32	0	77
71	33	33	68
71	34	0	71
71	35	30	80
71	36	.	.
71	37	29	77
71	38	31	37
71	39	.	.
71	40	19	25
71	41	16	70
71	42	.	.
71	43	0	29
71	44	0	66
71	45	80	70
71	46	.	.
71	47	17	21
71	48	.	.
71	49	.	.
71	50	.	.
71	51	26	29
71	52	23	65
71	53	24	71
71	54	26	53
71	55	.	.
71	56	.	.
71	57	.	.
71	58	19	61
71	59	17	84
71	60	.	.
71	61	21	76
71	62	3	78
71	63	19	20
71	64	0	62
71	65	.	.
71	66	28	68
71	67	.	.
71	68	0	72
71	69	18	73
71	70	22	19
71	71	.	.
71	72	.	.
71	73	27	23
71	74	0	76
71	75	0	75
71	76	13	81
71	77	0	75
71	78	20	72
71	79	15	71
71	80	.	.
71	81	27	28
71	82	30	73
71	83	24	71
71	84	.	.
71	85	0	28
71	86	28	84
71	87	16	74
71	88	0	74
71	89	18	29
71	90	.	.
71	91	0	74
71	92	72	60
71	93	.	.
71	94	0	75
71	95	.	.
71	96	.	.
71	97	27	22
71	98	0	0
71	99	0	73
71	100	0	53
71	101	.	.
71	102	.	.
71	103	0	80
71	104	0	0
71	105	0	39
71	106	.	.
71	107	.	.
71	108	17	84
71	109	.	.
71	110	.	.
71	111	.	.
71	112	0	100
71	113	0	66
71	114	.	.
71	115	.	.
71	116	.	.
71	117	.	.
71	118	50	50
71	119	0	84
71	120	0	100
71	121	0	100
71	122	0	80
71	123	0	89
71	124	0	26
71	125	.	.
71	126	50	50
71	127	.	.
71	128	.	.
73	1	11	58
73	2	.	.
73	3	50	54
73	4	4	19
73	5	26	12
73	6	.	.
73	7	15	10
73	8	59	10
73	9	15	26
73	10	31	12
73	11	5	19
73	12	14	22
73	13	17	6
73	14	20	21
73	15	18	65
73	16	5	6
73	17	59	7
73	18	28	15
73	19	24	21
73	20	7	50
73	21	13	30
73	22	27	24
73	23	20	27
73	24	23	16
73	25	26	15
73	26	22	10
73	27	27	6
73	28	7	11
73	29	.	.
73	30	37	24
73	31	.	.
73	32	24	18
73	33	30	30
73	34	27	31
73	35	27	34
73	36	36	27
73	37	32	18
73	38	22	19
73	39	26	13
73	40	16	20
73	41	24	36
73	42	61	31
73	43	30	67
73	44	20	13
73	45	.	.
73	46	28	20
73	47	27	26
73	48	50	50
73	49	5	28
73	50	22	17
73	51	61	21
73	52	2	31
73	53	21	27
73	54	6	92
73	55	26	38
73	56	.	.
73	57	27	10
73	58	41	15
73	59	21	9
73	60	.	.
73	61	28	12
73	62	66	60
73	63	14	63
73	64	.	.
73	65	23	32
73	66	22	31
73	67	8	7
73	68	31	35
73	69	27	19
73	70	25	21
73	71	35	62
73	72	20	35
73	73	27	6
73	74	.	.
73	75	27	11
73	76	10	9
73	77	27	37
73	78	38	24
73	79	36	11
73	80	20	21
73	81	21	14
73	82	7	16
73	83	11	66
73	84	24	59
73	85	21	23
73	86	34	31
73	87	31	21
73	88	65	23
73	89	26	25
73	90	.	.
73	91	20	32
73	92	6	37
73	93	20	31
73	94	24	29
73	95	27	28
73	96	33	29
73	97	72	27
73	98	27	32
73	99	27	27
73	100	6	38
73	101	34	23
73	102	67	34
73	103	30	30
73	104	.	.
73	105	38	36
73	106	30	24
73	107	.	.
73	108	29	76
73	109	33	27
73	110	61	78
73	111	65	76
73	112	.	.
73	113	31	37
73	114	.	.
73	115	26	27
73	116	33	9
73	117	31	5
73	118	70	80
73	119	.	.
73	120	.	.
73	121	29	34
73	122	34	65
73	123	.	.
73	124	.	.
75	1	26	89
75	2	13	1
75	3	74	67
75	4	12	0
75	5	23	1
75	6	25	0
75	7	85	100
75	8	1	15
75	9	0	13
75	10	100	58
75	11	89	0
75	12	.	.
75	13	30	26
75	14	64	63
75	15	23	69
75	16	63	0
75	17	36	73
75	18	60	66
75	19	58	18
75	20	87	18
75	21	26	50
75	22	32	72
75	23	18	19
75	24	.	.
75	25	69	71
75	26	85	73
75	27	58	67
75	28	78	23
75	29	66	69
75	30	68	74
75	31	43	73
75	32	66	63
75	33	37	26
75	34	83	68
75	35	78	69
75	36	79	61
75	37	63	25
75	38	92	8
75	39	27	36
75	40	81	71
75	41	62	26
75	42	71	83
75	43	61	55
75	44	92	76
75	45	87	70
75	46	87	65
75	47	70	55
75	48	71	0
75	49	40	61
75	50	36	72
75	51	74	70
75	52	81	64
75	53	77	62
75	54	87	69
75	55	61	65
75	56	78	50
75	57	58	68
75	58	34	69
75	59	78	76
75	60	86	65
75	61	60	71
75	62	13	65
75	63	83	56
75	64	77	7
75	65	55	74
75	66	35	67
75	67	89	71
75	68	63	65
75	69	64	66
75	70	84	21
75	71	92	73
75	72	83	71
75	73	62	63
75	74	100	59
75	75	42	59
75	76	63	67
75	77	61	70
75	78	85	88
75	79	62	96
75	80	.	.
75	81	62	69
75	82	92	93
75	83	87	97
75	84	80	68
75	85	35	77
75	86	81	80
75	87	36	75
75	88	94	0
75	89	83	69
75	90	38	62
75	91	91	78
75	92	86	74
75	93	82	74
75	94	76	72
75	95	64	78
75	96	62	18
75	97	58	59
75	98	92	67
75	99	74	71
75	100	78	74
75	101	65	66
75	102	99	67
75	103	84	83
75	104	80	87
75	105	31	77
75	106	36	76
75	107	87	75
75	108	74	81
75	109	87	75
75	110	79	80
75	111	94	100
75	112	82	86
75	113	76	91
75	114	80	94
75	115	.	.
75	116	95	94
75	117	79	100
75	118	77	82
75	119	86	89
75	120	84	69
75	121	79	74
75	122	97	68
75	123	.	.
75	124	.	.
76	1	97	0
76	2	78	0
76	3	7	7
76	4	29	27
76	5	97	27
76	6	92	17
76	7	18	29
76	8	78	3
76	9	95	29
76	10	81	67
76	11	27	22
76	12	79	70
76	13	87	39
76	14	93	100
76	15	16	25
76	16	73	16
76	17	91	17
76	18	93	30
76	19	21	26
76	20	85	19
76	21	97	25
76	22	94	10
76	23	11	17
76	24	77	26
76	25	94	33
76	26	94	19
76	27	19	29
76	28	85	88
76	29	87	23
76	30	96	12
76	31	11	18
76	32	98	22
76	33	76	28
76	34	99	81
76	35	3	25
76	36	78	24
76	37	86	15
76	38	93	23
76	39	69	71
76	40	90	13
76	41	88	23
76	42	91	19
76	43	34	72
76	44	98	81
76	45	97	28
76	46	89	11
76	47	15	22
76	48	98	20
76	49	94	12
76	50	73	19
76	51	19	15
76	52	20	19
76	53	94	21
76	54	94	26
76	55	8	12
76	56	16	19
76	57	99	20
76	58	86	22
76	59	8	18
76	60	17	24
76	61	91	15
76	62	82	14
76	63	11	19
76	64	15	15
76	65	99	22
76	66	94	18
76	67	7	16
76	68	15	19
76	69	81	14
76	70	99	8
76	71	6	83
76	72	81	22
76	73	78	17
76	74	97	8
76	75	12	14
76	76	14	15
76	77	34	17
76	78	24	15
76	79	19	16
76	80	15	16
76	81	27	20
76	82	85	11
76	83	3	13
76	84	71	78
76	85	98	19
76	86	19	8
76	87	15	12
76	88	94	25
76	89	.	.
76	90	78	9
76	91	13	13
76	92	89	14
76	93	98	14
76	94	17	1
76	95	9	79
76	96	16	12
76	97	87	72
76	98	99	11
76	99	6	19
76	100	99	71
76	101	99	87
76	102	88	13
76	103	16	85
76	104	20	15
76	105	92	14
76	106	92	13
76	107	5	19
76	108	14	15
76	109	99	22
76	110	87	11
76	111	8	19
76	112	24	12
76	113	32	21
76	114	65	26
76	115	10	22
76	116	78	20
76	117	99	20
76	118	24	25
76	119	14	19
76	120	14	71
76	121	76	24
76	122	88	8
76	123	15	20
76	124	16	20
76	125	80	71
76	126	85	20
76	127	16	17
76	128	8	18
76	129	99	8
76	130	.	.
76	131	.	.
76	132	.	.
